654.7
28
35 155 10
335 455 10
254 374 10
537 657 10
215 335 10
375 495 10
201 321 10
657 777 10
557 677 10
574 694 10
105 225 10
440 560 10
326 446 10
175 295 10
601 721 10
557 677 10
42 162 10
191 311 10
11 131 10
566 686 10
268 388 10
822 942 10
105 225 10
395 515 10
344 464 10
719 839 10
808 928 10
562 682 10
0 35.3553 45.1774 40.05 35.0571 45 35 45.0444 44.2041 40.6079 38.0789 38.3275 38.0526 33.541 25 18.0278 18.0278 42.4264 20.6155 11.1803 13.0384 42.9418 7.6158 19.2354 27.0185 35.4683 12.0416 21.095 15.5242
35.3553 0 55.8659 50.9313 47.634 53.1507 46.0977 51.8556 73.7835 70.4911 64.0312 3 49.5782 55.9017 25 52.2015 46.0977 25.4951 42.72 30.4138 36.8782 64.1405 42.0476 34.9285 54.4059 62.0322 44.1022 56.4358 50.8035
45.1774 55.8659 0 5.3852 10.198 4 10.7703 6 83.2406 79.8123 80.7527 58 7.2801 18.6011 31.4006 56.0892 30.5941 37.1618 25.02 36.1386 32.1403 17.4642 42.107 26.9258 27.2947 26.1725 37.3363 49.98 50.2195
40.05 50.9313 5.3852 0 5 5.3852 5.3852 6.4031 79.0569 75.5844 76.1183 53.1507 2 16.4012 26.2488 51.6624 26.2488 33.5261 20.2237 30.8058 27.0185 18.1108 37.3363 21.587 24.2074 24.6982 32.7567 46.0977 45.8803
35.0571 47.634 10.198 5 0 10.198 2 10.7703 74.3303 70.8378 71.1969 50 3 13.9284 22.6716 46.8402 21.5407 32.3883 15.2971 25.9615 22.0227 18.2483 32.3883 16.7631 20.5183 22.4722 27.8927 41.5933 41.1096
45 53.1507 4 5.3852 10.198 0 10 2 84.4334 80.9568 81.3941 55.1725 7.2801 21.2132 29.1548 57.0088 31.6228 33.541 25.4951 35.3553 32.0156 21.1896 42.5793 26.1725 29.4109 29.2062 38.0789 51.4782 51.2445
35 46.0977 10.7703 5.3852 2 10 0 10.198 75.0267 71.5122 71.5891 48.4149 3.6056 15.8114 21.2132 47.4342 22.3607 30.4138 15.8114 25.4951 22.0227 20.2237 32.7567 16.2788 22.0227 24.3516 28.4605 42.5441 41.7852
45.0444 51.8556 6 6.4031 10.7703 2 10.198 0 85.0941 81.5966 81.7863 53.8145 8.0623 22.6716 28.178 57.5674 32.311 31.7648 25.9615 35.1283 32.1403 23.0868 42.9535 26.0192 30.6105 30.8058 38.6005 52.3259 51.8652
44.2041 73.7835 83.2406 79.0569 74.3303 84.4334 75.0267 85.0941 0 3.6056 12 76.3217 77.1622 66.0984 69.2026 27.7308 52.811 86.4523 59.2368 55.2178 54.5894 73.3348 42.9418 61.7738 56.8859 62.1289 46.6154 33.541 33.2415
40.6079 70.4911 79.8123 75.5844 70.8378 80.9568 71.5122 81.5966 3.6056 0 10.4403 73.0616 73.6817 62.8013 65.6049 24.1661 49.3356 82.8794 55.7136 51.614 51 70.1783 39.3573 58.1808 53.6004 59.0339 43.0813 30.2655 29.7321
38.0789 64.0312 80.7527 76.1183 71.1969 81.3941 71.5891 81.7863 12 10.4403 0 66.4003 74.1485 65 62.6498 25 50.2494 79.0569 55.9017 49.2443 50 73.171 38.833 56.921 56.0357 62.514 43.4166 33.541 31
38.3275 3 58 53.1507 50 55.1725 48.4149 53.8145 76.3217 73.0616 66.4003 0 51.8556 58.6003 27.4591 55.0818 49.0306 26.2488 45.5412 33.3766 39.8121 66.7308 45.0444 37.6962 57.28 64.846 47.0956 59.4138 53.7587
38.0526 49.5782 7.2801 2 3 7.2801 3.6056 8.0623 77.1622 73.6817 74.1485 51.8556 0 15.2643 24.7588 49.7293 24.3516 32.9848 18.2483 28.8617 25.02 18 35.3553 19.6469 22.6716 23.7065 30.8058 44.2832 43.9659
33.541 55.9017 18.6011 16.4012 13.9284 21.2132 15.8114 22.6716 66.0984 62.8013 65 58.6003 15.2643 0 31.6228 40 15.8114 45 14.1421 28.2843 22.0227 9.434 28.1603 21.095 9.2195 8.544 22.8035 32.5576 34
25 25 31.4006 26.2488 22.6716 29.1548 21.2132 28.178 69.2026 65.6049 62.6498 27.4591 24.7588 31.6228 0 42.4264 25.4951 18.0278 20 14.1421 17.4642 39.3573 27.8029 12.0416 32.0156 38.6394 26.8328 42.19 38.4187
18.0278 52.2015 56.0892 51.6624 46.8402 57.0088 47.4342 57.5674 27.7308 24.1661 25 55.0818 49.7293 40 42.4264 0 25.4951 60.208 31.6228 28.2843 26.9258 48.2597 15.2643 34.1321 31.0644 37.855 18.9737 10 6
18.0278 46.0977 30.5941 26.2488 21.5407 31.6228 22.3607 32.311 52.811 49.3356 50.2494 49.0306 24.3516 15.8114 25.4951 25.4951 0 42.72 7.0711 15.8114 9.2195 25.0799 12.3693 13.6015 9.2195 17.6918 7.0711 20.2485 19.6469
42.4264 25.4951 37.1618 33.5261 32.3883 33.541 30.4138 31.7648 86.4523 82.8794 79.0569 26.2488 32.9848 45 18.0278 60.208 42.72 0 36.4005 32.0156 35.3553 50.636 45.8039 29.1548 47.8539 53.0848 44.7772 60.208 56.4004
20.6155 42.72 25.02 20.2237 15.2971 25.4951 15.8114 25.9615 59.2368 55.7136 55.9017 45.5412 18.2483 14.1421 20 31.6228 7.0711 36.4005 0 14.1421 8.0623 23.4307 17.1172 8.0623 12.0416 19.3132 12.6491 27.2029 26
11.1803 30.4138 36.1386 30.8058 25.9615 35.3553 25.4951 35.1283 55.2178 51.614 49.2443 33.3766 28.8617 28.2843 14.1421 28.2843 15.8114 32.0156 14.1421 0 6.7082 37.5366 13.8924 9.2195 24.5967 32.7567 14.1421 28.6356 24.4131
13.0384 36.8782 32.1403 27.0185 22.0227 32.0156 22.0227 32.1403 54.5894 51 50 39.8121 25.02 22.0227 17.4642 26.9258 9.2195 35.3553 8.0623 6.7082 0 31.4006 11.6619 7.2111 17.8885 26.0768 9.434 25 22.0227
42.9418 64.1405 17.4642 18.1108 18.2483 21.1896 20.2237 23.0868 73.3348 70.1783 73.171 66.7308 18 9.434 39.3573 48.2597 25.0799 50.636 23.4307 37.5366 31.4006 0 37.3363 29.8329 17.2627 11.4018 31.9531 40.0125 42.2966
7.6158 42.0476 42.107 37.3363 32.3883 42.5793 32.7567 42.9535 42.9418 39.3573 38.833 45.0444 35.3553 28.1603 27.8029 15.2643 12.3693 45.8039 17.1172 13.8924 11.6619 37.3363 0 18.868 20.5913 28.8444 5.3852 14.8661 10.6301
19.2354 34.9285 26.9258 21.587 16.7631 26.1725 16.2788 26.0192 61.7738 58.1808 56.921 37.6962 19.6469 21.095 12.0416 34.1321 13.6015 29.1548 8.0623 9.2195 7.2111 29.8329 18.868 0 20.0998 27.2029 16.2788 31.8904 29.2062
27.0185 54.4059 27.2947 24.2074 20.5183 29.4109 22.0227 30.6105 56.8859 53.6004 56.0357 57.28 22.6716 9.2195 32.0156 31.0644 9.2195 47.8539 12.0416 24.5967 17.8885 17.2627 20.5913 20.0998 0 8.4853 15.2643 23.3452 25.0799
35.4683 62.0322 26.1725 24.6982 22.4722 29.2062 24.3516 30.8058 62.1289 59.0339 62.514 64.846 23.7065 8.544 38.6394 37.855 17.6918 53.0848 19.3132 32.7567 26.0768 11.4018 28.8444 27.2029 8.4853 0 23.6008 29.0689 32.0156
12.0416 44.1022 37.3363 32.7567 27.8927 38.0789 28.4605 38.6005 46.6154 43.0813 43.4166 47.0956 30.8058 22.8035 26.8328 18.9737 7.0711 44.7772 12.6491 14.1421 9.434 31.9531 5.3852 16.2788 15.2643 23.6008 0 15.6205 13.4164
21.095 56.4358 49.98 46.0977 41.5933 51.4782 42.5441 52.3259 33.541 30.2655 33.541 59.4138 44.2832 32.5576 42.19 10 20.2485 60.208 27.2029 28.6356 25 40.0125 14.8661 31.8904 23.3452 29.0689 15.6205 0 6.3246
15.5242 50.8035 50.2195 45.8803 41.1096 51.2445 41.7852 51.8652 33.2415 29.7321 31 53.7587 43.9659 34 38.4187 6 19.6469 56.4004 26 24.4131 22.0227 42.2966 10.6301 29.2062 25.0799 32.0156 13.4164 6.3246 0
