627.85
26
335 455 10
254 374 10
537 657 10
0 905 10
375 495 10
201 321 10
681 801 10
784 904 10
621 741 10
0 902 10
0 904 10
440 560 10
0 914 10
326 446 10
0 925 10
557 677 10
782 902 10
191 311 10
566 686 10
157 277 10
0 892 10
268 388 10
764 884 10
0 930 10
395 515 10
713 833 10
0 45.1774 40.05 35.0571 45 35 45.0444 35.0571 45.2769 51.0784 47.4342 45.0444 38.0526 35.3412 33.541 25 18.0278 47.1699 20.6155 13.0384 9.2195 57.0088 42.9418 49.98 19.2354 27.0185 52.4786
45.1774 0 5.3852 10.198 4 10.7703 6 11.6619 9 49.7393 50.8035 2 7.2801 41.0366 18.6011 31.4006 30.5941 29.4279 25.02 32.1403 48.7647 39 17.4642 21.095 26.9258 27.2947 23
40.05 5.3852 0 5 5.3852 5.3852 6.4031 6.4031 8.6023 49.2443 49.7393 5 2 39.0512 16.4012 26.2488 26.2488 27 20.2237 27.0185 43.4166 37.3363 18.1108 20.2485 21.587 24.2074 25.4951
35.0571 10.198 5 0 10.198 2 10.7703 4 12.2066 47.4342 47.4236 10 3 36.0555 13.9284 22.6716 21.5407 27.4591 15.2971 22.0227 38.6005 38.3275 18.2483 22.4722 16.7631 20.5183 26.9258
45 4 5.3852 10.198 0 10 2 10.198 5 53.2353 54.0833 2 7.2801 43.8634 21.2132 29.1548 31.6228 25.4951 25.4951 32.0156 47.8539 35 21.1896 17.1172 26.1725 29.4109 27
35 10.7703 5.3852 2 10 0 10.198 2 11.1803 49.3356 49.2443 10.198 3.6056 37.7359 15.8114 21.2132 22.3607 25.4951 15.8114 22.0227 38.0789 36.4005 20.2237 20.8087 16.2788 22.0227 28.7924
45.0444 6 6.4031 10.7703 2 10.198 0 10 3 55.0091 55.7584 4 8.0623 45.3431 22.6716 28.178 32.311 23.5372 25.9615 32.1403 47.5184 33 23.0868 15.1327 26.0192 30.6105 29
35.0571 11.6619 6.4031 4 10.198 2 10 0 10.4403 51.2445 51.0784 10.7703 5 39.4462 17.72 19.8494 23.3238 23.5372 16.5529 22.2036 37.6563 34.4819 22.2036 19.2094 16.0312 23.6008 30.6757
45.2769 9 8.6023 12.2066 5 11.1803 3 10.4403 0 57.6975 58.3095 7 9.8995 47.634 25 26.9258 33.541 20.6155 26.9258 32.5576 47.1699 30 25.9615 12.1655 26.0768 32.5576 32
51.0784 49.7393 49.2443 47.4342 53.2353 49.3356 55.0091 51.2445 57.6975 0 5.3852 51.4782 48.4665 15.8114 33.5261 62 37.3363 74.7262 42 46.5296 60.1664 85.7263 32.45 69.4622 50.01 30.0167 32.0156
47.4342 50.8035 49.7393 47.4236 54.0833 49.2443 55.7584 51.0784 58.3095 5.3852 0 52.4309 48.7647 13 33.541 60.208 35 74.3303 40.3113 44.0454 56.6127 85.44 33.9706 69.7711 48.1664 28.6356 34.9857
45.0444 2 5 10 2 10.198 4 10.7703 7 51.4782 52.4309 0 7 42.4264 19.8494 30.2324 31.0483 27.4591 25.1794 32.0156 48.2701 37 19.3132 19.105 26.4764 28.3019 25
38.0526 7.2801 2 3 7.2801 3.6056 8.0623 5 9.8995 48.4665 48.7647 7 0 37.8021 15.2643 24.7588 24.3516 27.074 18.2483 25.02 41.4849 37.6563 18 21.0238 19.6469 22.6716 25.9615
35.3412 41.0366 39.0512 36.0555 43.8634 37.7359 45.3431 39.4462 47.634 15.8114 13 42.4264 37.8021 0 22.6716 47.2652 22 62.2415 27.4591 31.0644 44.3847 73.4098 25.9422 58.5235 35.2278 16.1555 30.4138
33.541 18.6011 16.4012 13.9284 21.2132 15.8114 22.6716 17.72 25 33.5261 33.541 19.8494 15.2643 22.6716 0 31.6228 15.8114 41.2311 14.1421 22.0227 40 52.2015 9.434 36.2353 21.095 9.2195 19.2094
25 31.4006 26.2488 22.6716 29.1548 21.2132 28.178 19.8494 26.9258 62 60.208 30.2324 24.7588 47.2652 31.6228 0 25.4951 22.3607 20 17.4642 22.8035 32.0156 39.3573 27.074 12.0416 32.0156 48.8774
18.0278 30.5941 26.2488 21.5407 31.6228 22.3607 32.311 23.3238 33.541 37.3363 35 31.0483 24.3516 22 15.8114 25.4951 0 43.0116 7.0711 9.2195 25.4951 54.0833 25.0799 41.8688 13.6015 9.2195 34.4819
47.1699 29.4279 27 27.4591 25.4951 25.4951 23.5372 23.5372 20.6155 74.7262 74.3303 27.4591 27.074 62.2415 41.2311 22.3607 43.0116 0 36.0555 37.4833 44.9444 11.1803 45.0444 10.6301 30.4138 46.0977 52.2398
20.6155 25.02 20.2237 15.2971 25.4951 15.8114 25.9615 16.5529 26.9258 42 40.3113 25.1794 18.2483 27.4591 14.1421 20 7.0711 36.0555 0 8.0623 26.0768 47.1699 23.4307 34.8281 8.0623 12.0416 33.3017
13.0384 32.1403 27.0185 22.0227 32.0156 22.0227 32.1403 22.2036 32.5576 46.5296 44.0454 32.0156 25.02 31.0644 22.0227 17.4642 9.2195 37.4833 8.0623 0 18.0278 48.1664 31.4006 38.4708 7.2111 17.8885 41.2311
9.2195 48.7647 43.4166 38.6005 47.8539 38.0789 47.5184 37.6563 47.1699 60.1664 56.6127 48.2701 41.4849 44.3847 40 22.8035 25.4951 44.9444 26.0768 18.0278 0 53.7122 49.4065 49.6488 21.8403 34.7131 59.203
57.0088 39 37.3363 38.3275 35 36.4005 33 34.4819 30 85.7263 85.44 37 37.6563 73.4098 52.2015 32.0156 54.0833 11.1803 47.1699 48.1664 53.7122 0 55.4437 18.1108 41.2311 57.2713 62
42.9418 17.4642 18.1108 18.2483 21.1896 20.2237 23.0868 22.2036 25.9615 32.45 33.9706 19.3132 18 25.9422 9.434 39.3573 25.0799 45.0444 23.4307 31.4006 49.4065 55.4437 0 38.0789 29.8329 17.2627 9.8995
49.98 21.095 20.2485 22.4722 17.1172 20.8087 15.1327 19.2094 12.1655 69.4622 69.7711 19.105 21.0238 58.5235 36.2353 27.074 41.8688 10.6301 34.8281 38.4708 49.6488 18.1108 38.0789 0 31.305 42.8019 44.0454
19.2354 26.9258 21.587 16.7631 26.1725 16.2788 26.0192 16.0312 26.0768 50.01 48.1664 26.4764 19.6469 35.2278 21.095 12.0416 13.6015 30.4138 8.0623 7.2111 21.8403 41.2311 29.8329 31.305 0 20.0998 39.6989
27.0185 27.2947 24.2074 20.5183 29.4109 22.0227 30.6105 23.6008 32.5576 30.0167 28.6356 28.3019 22.6716 16.1555 9.2195 32.0156 9.2195 46.0977 12.0416 17.8885 34.7131 57.2713 17.2627 42.8019 20.0998 0 26
52.4786 23 25.4951 26.9258 27 28.7924 29 30.6757 32 32.0156 34.9857 25 25.9615 30.4138 19.2094 48.8774 34.4819 52.2398 33.3017 41.2311 59.203 62 9.8995 44.0454 39.6989 26 0
