422.54
19
673 793 10
471 591 10
644 764 10
388 508 10
300 420 10
367 487 10
43 163 10
64 184 10
33 153 10
217 337 10
489 609 10
599 719 10
258 378 10
612 732 10
60 180 10
286 406 10
365 485 10
352 472 10
260 380 10
0 38.0789 39.3573 36.0555 33.3017 35.3553 39.0512 43.0116 36.0555 33.541 35.3412 37.2022 14.1421 15.8114 10 27.4591 39.2938 32.5576 38.4708 17.8885
38.0789 0 3 7.0711 12.2066 14.1421 11.1803 40 35.3553 30.4138 30.1496 8.6023 25.4951 28.2843 29.1548 42.9418 33.9706 33.6155 25.4951 27.0185
39.3573 3 0 5.3852 10.7703 12.2066 8.6023 43 38.3275 33.3766 33.1361 6.4031 26.2488 30.4795 30.8058 45.618 32.0156 32.2025 23.3452 27.074
36.0555 7.0711 5.3852 0 5.3852 7.0711 5 45.2769 40 35 35.0571 2 22.3607 29.1548 28.2843 45.5412 26.9072 26.8328 18.4391 22.3607
33.3017 12.2066 10.7703 5.3852 0 3 5.831 48.0521 42.2966 37.3363 37.6563 5 19.2094 28.7924 26.6271 46.0977 21.9317 21.4709 13.8924 18.0278
35.3553 14.1421 12.2066 7.0711 3 0 5 50.9902 45.2769 40.3113 40.6079 5.831 21.2132 31.6228 29.1548 49.0306 19.8494 20.2485 11.4018 19.2354
39.0512 11.1803 8.6023 5 5.831 5 0 50.2494 45 40 40.05 3 25 33.541 32.0156 50.2892 23.8537 25 15 23.7697
43.0116 40 43 45.2769 48.0521 50.9902 50.2494 0 7.0711 11.1803 10.4403 47.2652 43.0116 28.2843 35.3553 20.0998 67.7791 63.9531 61.4003 49.0918
36.0555 35.3553 38.3275 40 42.2966 45.2769 45 7.0711 0 5 5.3852 42 36.0555 21.2132 28.2843 15.2971 61.3514 57.2713 55.3173 42.19
33.541 30.4138 33.3766 35 37.3363 40.3113 40 11.1803 5 0 2 37 32.0156 18.0278 25 17 56.648 52.7731 50.448 38.0132
35.3412 30.1496 33.1361 35.0571 37.6563 40.6079 40.05 10.4403 5.3852 2 0 37.054 33.3017 19.7231 26.6271 18.7883 57.3847 53.7122 50.9608 39.2046
37.2022 8.6023 6.4031 2 5 5.831 3 47.2652 42 37 37.054 0 23.3238 30.8869 29.7321 47.4342 25.6125 26 16.9706 22.8035
14.1421 25.4951 26.2488 22.3607 19.2094 21.2132 25 43.0116 36.0555 32.0156 33.3017 23.3238 0 15.8114 10 33.3766 28 22.3607 25.2982 6.3246
15.8114 28.2843 30.4795 29.1548 28.7924 31.6228 33.541 28.2843 21.2132 18.0278 19.7231 30.8869 15.8114 0 7.0711 18 43.2897 38.0789 39.1152 22.1359
10 29.1548 30.8058 28.2843 26.6271 29.1548 32.0156 35.3553 28.2843 25 26.6271 29.7321 10 7.0711 0 23.5372 38 32.249 34.9285 16.1245
27.4591 42.9418 45.618 45.5412 46.0977 49.0306 50.2892 20.0998 15.2971 17 18.7883 47.4342 33.3766 18 23.5372 0 61.2046 55.7315 57.0789 39.6232
39.2938 33.9706 32.0156 26.9072 21.9317 19.8494 23.8537 67.7791 61.3514 56.648 57.3847 25.6125 28 43.2897 38 61.2046 0 7.2111 8.9443 22.0907
32.5576 33.6155 32.2025 26.8328 21.4709 20.2485 25 63.9531 57.2713 52.7731 53.7122 26 22.3607 38.0789 32.249 55.7315 7.2111 0 12.1655 16.1245
38.4708 25.4951 23.3452 18.4391 13.8924 11.4018 15 61.4003 55.3173 50.448 50.9608 16.9706 25.2982 39.1152 34.9285 57.0789 8.9443 12.1655 0 20.5913
17.8885 27.0185 27.074 22.3607 18.0278 19.2354 23.7697 49.0918 42.19 38.0132 39.2046 22.8035 6.3246 22.1359 16.1245 39.6232 22.0907 16.1245 20.5913 0
