655.37
32
613 853 10
411 651 10
584 824 10
328 568 10
240 480 10
307 547 10
135 375 10
163 403 10
35 275 10
114 354 10
195 435 10
597 837 10
497 737 10
514 754 10
429 669 10
45 285 10
115 355 10
315 555 10
541 781 10
42 282 10
11 251 10
97 337 10
226 466 10
172 412 10
305 545 10
292 532 10
92 332 10
45 285 10
200 440 10
688 928 10
502 742 10
112 352 10
0 38.0789 39.3573 36.0555 33.3017 35.3553 39.0512 33.5261 32.3883 35.3553 39.2938 41.2311 44.2041 40.6079 38.0789 37.2022 38.3275 25 20 18.0278 42.4264 11.1803 9.2195 39.2938 57.0088 32.5576 38.4708 14.7648 19.2354 17.8885 21.095 15.5242 14.1421
38.0789 0 3 7.0711 12.2066 14.1421 11.1803 48.1041 43.4626 44.7214 50.5371 51.4782 42 40.1123 30 8.6023 46.1411 55 35.3553 39.0512 66.7083 46.0977 33.541 33.9706 82.4621 33.6155 25.4951 42.0476 55.3173 27.0185 48.8365 43.1393 33.0151
39.3573 3 0 5.3852 10.7703 12.2066 8.6023 47.1275 42.3792 43.4626 49.2443 50.0899 45 43.1045 33 6.4031 44.7214 55.0818 35.0571 41.4005 66.0984 46.8402 34.2053 32.0156 81.7863 32.2025 23.3452 42.2966 56.0446 27.074 51.0882 45.2769 33.2415
36.0555 7.0711 5.3852 0 5.3852 7.0711 5 41.7612 37 38.0789 43.8634 44.7214 47.2652 45.0444 35.3553 2 39.3573 50.2494 30 40.3113 60.8276 42.72 30.0832 26.9072 76.4853 26.8328 18.4391 37.6563 51.8652 22.3607 49.6488 43.6005 28.6356
33.3017 12.2066 10.7703 5.3852 0 3 5.831 36.4005 31.6228 32.6956 38.4838 39.3573 50.01 47.5184 38.3275 5 34 45.5412 25.0799 39.9249 55.5788 38.9102 26.4197 21.9317 71.1969 21.4709 13.8924 33.2415 47.927 18.0278 48.7647 42.5441 24.3516
35.3553 14.1421 12.2066 7.0711 3 0 5 35.6931 30.8058 31.6228 37.3363 38.0789 52.9528 50.4876 41.2311 5.831 32.6956 46.0977 25.4951 42.72 55.2268 40.3113 28.0179 19.8494 70.7107 20.2485 11.4018 34.176 49.1935 19.2354 51.4296 45.1774 25.4951
39.0512 11.1803 8.6023 5 5.831 5 0 40.6079 35.6931 36.4005 42.0595 42.72 52.2398 50.04 40.3113 3 37.3363 50.9902 30.4138 44.7214 60.208 44.7214 32.249 23.8537 75.6637 25 15 38.8973 53.7122 23.7697 53.8516 47.7074 30.0832
33.5261 48.1041 47.1275 41.7612 36.4005 35.6931 40.6079 0 5 5.831 6 8 74.2024 70.8025 65.0692 41.2311 7.8102 19.7231 15.6205 51.0784 20.0998 27 25.9422 20.8806 35.1283 16 28.0713 19.2354 30.3645 24.0832 54.3415 49.0408 21.6333
32.3883 43.4626 42.3792 37 31.6228 30.8058 35.6931 5 0 3 7.8102 9.434 71.2811 67.9559 61.7171 36.4005 6 22.6716 13 49.3356 25.0799 27.4591 24.0416 16.1555 40.1123 11 23.0868 19.105 32.2025 20.6155 53.4603 47.8539 19.3132
35.3553 44.7214 43.4626 38.0789 32.6956 31.6228 36.4005 5.831 3 0 5.831 7.0711 73.7835 70.4911 64.0312 37.3363 3 25 15.8114 52.2015 25.4951 30.4138 26.9258 15.2971 40 11.4018 23.0217 22.0907 34.9285 23.0217 56.4358 50.8035 22.1359
39.2938 50.5371 49.2443 43.8634 38.4838 37.3363 42.0595 6 7.8102 5.831 0 2 79.0569 75.7166 69.527 43.0813 5 25.0799 20.5913 56.648 21.5407 33 31.3847 20 35.1283 17.088 28.2843 25.1794 36.1386 28.4253 60.208 54.8179 26.8328
41.2311 51.4782 50.0899 44.7214 39.3573 38.0789 42.72 8 9.434 7.0711 2 0 80.7094 77.3886 71.0634 43.8634 5.3852 26.9258 22.3607 58.5235 22.3607 35 33.2415 20.0998 35.3553 17.8885 28.6356 27.1662 38.0789 30 62.1691 56.7539 28.6356
44.2041 42 45 47.2652 50.01 52.9528 52.2398 74.2024 71.2811 73.7835 79.0569 80.7094 0 3.6056 12 49.2544 76.3217 69.2026 58.6003 27.7308 86.4523 55.2178 48.8365 69.6419 101.213 65.7419 63.3246 58 61.7738 50.774 33.541 33.2415 52.6308
40.6079 40.1123 43.1045 45.0444 47.5184 50.4876 50.04 70.8025 67.9559 70.4911 75.7166 77.3886 3.6056 0 10.4403 47.0425 73.0616 65.6049 55.2178 24.1661 82.8794 51.614 45.3431 66.7308 97.6166 62.6498 60.6383 54.4518 58.1808 47.5079 30.2655 29.7321 49.2037
38.0789 30 33 35.3553 38.3275 41.2311 40.3113 65.0692 61.7171 64.0312 69.527 71.0634 12 10.4403 0 37.3363 66.4003 62.6498 49.4975 25 79.0569 49.2443 40.8044 58.6003 94.3398 55.2268 51.8652 50.4777 56.921 41.1096 33.541 31 43.9318
37.2022 8.6023 6.4031 2 5 5.831 3 41.2311 36.4005 37.3363 43.0813 43.8634 49.2544 47.0425 37.3363 0 38.4838 50.4876 30.0666 42.0595 60.531 43.4626 30.8707 25.6125 76.1183 26 16.9706 38.0789 52.5547 22.8035 51.3128 45.2217 29.1204
38.3275 46.1411 44.7214 39.3573 34 32.6956 37.3363 7.8102 6 3 5 5.3852 76.3217 73.0616 66.4003 38.4838 0 27.4591 18.6815 55.0818 26.2488 33.3766 29.8329 15 40.1123 12.53 23.3452 25.0799 37.6962 25.5539 59.4138 53.7587 25
25 55 55.0818 50.2494 45.5412 46.0977 50.9902 19.7231 22.6716 25 25.0799 26.9258 69.2026 65.6049 62.6498 50.4876 27.4591 0 20.6155 42.4264 18.0278 14.1421 22.8035 37.8021 32.0156 31.0644 42.4853 13.1529 12.0416 28.0179 42.19 38.4187 22.0227
20 35.3553 35.0571 30 25.0799 25.4951 30.4138 15.6205 13 15.8114 20.5913 22.3607 58.6003 55.2178 49.4975 30.0666 18.6815 20.6155 0 36.4005 31.6228 18.0278 11.1803 20.5913 47.4342 13.4164 22.8035 9.8995 25.4951 8.9443 41.0488 35.2278 6.3246
18.0278 39.0512 41.4005 40.3113 39.9249 42.72 44.7214 51.0784 49.3356 52.2015 56.648 58.5235 27.7308 24.1661 25 42.0595 55.0818 42.4264 36.4005 0 60.208 28.2843 25.2982 53 74.3303 47.1699 49.6488 32.7567 34.1321 31.0644 10 6 30.0832
42.4264 66.7083 66.0984 60.8276 55.5788 55.2268 60.208 20.0998 25.0799 25.4951 21.5407 22.3607 86.4523 82.8794 79.0569 60.531 26.2488 18.0278 31.6228 60.208 0 32.0156 38.2753 40.7922 15.8114 36.0555 48.1664 28.6007 29.1548 40.4969 60.208 56.4004 35.7771
11.1803 46.0977 46.8402 42.72 38.9102 40.3113 44.7214 27 27.4591 30.4138 33 35 55.2178 51.614 49.2443 43.4626 33.3766 14.1421 18.0278 28.2843 32.0156 0 12.6491 38.5876 46.0977 31.3847 40.3113 8.544 9.2195 21.095 28.6356 24.4131 15
9.2195 33.541 34.2053 30.0832 26.4197 28.0179 32.249 25.9422 24.0416 26.9258 31.3847 33.2415 48.8365 45.3431 40.8044 30.8707 29.8329 22.8035 11.1803 25.2982 38.2753 12.6491 0 30.0832 53.7122 23.3452 29.6816 9.8489 21.8403 9.2195 30 24.0832 5
39.2938 33.9706 32.0156 26.9072 21.9317 19.8494 23.8537 20.8806 16.1555 15.2971 20 20.0998 69.6419 66.7308 58.6003 25.6125 15 37.8021 20.5913 53 40.7922 38.5876 30.0832 0 55.0818 7.2111 8.9443 30.2324 45.4533 22.0907 59.5399 53.3385 25.2982
57.0088 82.4621 81.7863 76.4853 71.1969 70.7107 75.6637 35.1283 40.1123 40 35.1283 35.3553 101.213 97.6166 94.3398 76.1183 40.1123 32.0156 47.4342 74.3303 15.8114 46.0977 53.7122 55.0818 0 51.0882 63.0079 43.909 41.2311 56.3028 73.1095 70.0071 51.4782
32.5576 33.6155 32.2025 26.8328 21.4709 20.2485 25 16 11 11.4018 17.088 17.8885 65.7419 62.6498 55.2268 26 12.53 31.0644 13.4164 47.1699 36.0555 31.3847 23.3452 7.2111 51.0882 0 12.1655 23.0217 38.2884 16.1245 53.1507 47.0425 18.4391
38.4708 25.4951 23.3452 18.4391 13.8924 11.4018 15 28.0713 23.0868 23.0217 28.2843 28.6356 63.3246 60.6383 51.8652 16.9706 23.3452 42.4853 22.8035 49.6488 48.1664 40.3113 29.6816 8.9443 63.0079 12.1655 0 32.6497 48.2701 20.5913 57.28 50.9608 25.6125
14.7648 42.0476 42.2966 37.6563 33.2415 34.176 38.8973 19.2354 19.105 22.0907 25.1794 27.1662 58 54.4518 50.4777 38.0789 25.0799 13.1529 9.8995 32.7567 28.6007 8.544 9.8489 30.2324 43.909 23.0217 32.6497 0 15.6205 15.2971 35.171 30.0832 9.0554
19.2354 55.3173 56.0446 51.8652 47.927 49.1935 53.7122 30.3645 32.2025 34.9285 36.1386 38.0789 61.7738 58.1808 56.921 52.5547 37.6962 12.0416 25.4951 34.1321 29.1548 9.2195 21.8403 45.4533 41.2311 38.2884 48.2701 15.6205 0 29.9666 31.8904 29.2062 23.7065
17.8885 27.0185 27.074 22.3607 18.0278 19.2354 23.7697 24.0832 20.6155 23.0217 28.4253 30 50.774 47.5079 41.1096 22.8035 25.5539 28.0179 8.9443 31.0644 40.4969 21.095 9.2195 22.0907 56.3028 16.1245 20.5913 15.2971 29.9666 0 37.4833 31.257 6.3246
21.095 48.8365 51.0882 49.6488 48.7647 51.4296 53.8516 54.3415 53.4603 56.4358 60.208 62.1691 33.541 30.2655 33.541 51.3128 59.4138 42.19 41.0488 10 60.208 28.6356 30 59.5399 73.1095 53.1507 57.28 35.171 31.8904 37.4833 0 6.3246 35
15.5242 43.1393 45.2769 43.6005 42.5441 45.1774 47.7074 49.0408 47.8539 50.8035 54.8179 56.7539 33.2415 29.7321 31 45.2217 53.7587 38.4187 35.2278 6 56.4004 24.4131 24.0832 53.3385 70.0071 47.0425 50.9608 30.0832 29.2062 31.257 6.3246 0 29.0689
14.1421 33.0151 33.2415 28.6356 24.3516 25.4951 30.0832 21.6333 19.3132 22.1359 26.8328 28.6356 52.6308 49.2037 43.9318 29.1204 25 22.0227 6.3246 30.0832 35.7771 15 5 25.2982 51.4782 18.4391 25.6125 9.0554 23.7065 6.3246 35 29.0689 0
