485.37
28
0 905 10
0 906 10
0 909 10
278 398 10
0 913 10
0 909 10
0 919 10
0 916 10
0 911 10
217 337 10
0 916 10
0 931 10
0 931 10
0 929 10
0 936 10
268 388 10
0 924 10
0 922 10
0 942 10
0 937 10
395 515 10
0 945 10
0 937 10
14 134 10
0 928 10
0 932 10
0 929 10
0 934 10
0 44.2041 43.0116 40.6079 37.2022 36.0555 40.3113 30.8058 33.541 38.0789 35.3412 33.541 18.0278 18.0278 20.6155 13.0384 25.2982 25.4951 27.4591 7.6158 12.0416 27.0185 4.2426 12.0416 14.7648 21.095 17.1172 20.6155 15.5242
44.2041 0 2 3.6056 7.0711 8.6023 7 13.4536 13 12 12.3693 66.0984 27.7308 52.811 59.2368 54.5894 43.1045 30.0666 20.3961 42.9418 32.45 56.8859 48.4149 46.6154 44.2719 33.541 38.3275 49.2443 33.2415
43.0116 2 0 3 5.831 7.0711 5 12.2066 11.1803 10 10.4403 65.7647 26.9258 52.2015 58.5235 53.6656 43.0116 30 20.0998 42.0476 31.3847 56.5685 47.2017 45.8803 43.6807 33.2415 37.855 48.8365 32.573
40.6079 3.6056 3 0 3.6056 5.3852 5.831 9.8995 10.198 10.4403 10 62.8013 24.1661 49.3356 55.7136 51 40.0125 27 17.1172 39.3573 28.8444 53.6004 44.8219 43.0813 40.8044 30.2655 34.9285 45.8912 29.7321
37.2022 7.0711 5.831 3.6056 0 2 5.3852 6.4031 7 8.6023 7.2801 60.407 21.1896 46.5725 52.811 47.8539 38.0526 25.1794 15.0333 36.2491 25.5539 51.2445 41.4005 40.1622 38.0789 28.0179 32.3883 43.4166 26.9258
36.0555 8.6023 7.0711 5.3852 2 0 5 5.3852 5 7.0711 5.3852 60.208 20.6155 46.0977 52.2015 47.0106 38.2099 25.4951 15.2971 35.4683 24.5967 51.0882 40.2244 39.5601 37.6563 28.0179 32.1403 43.1856 26.4764
40.3113 7 5 5.831 5.3852 5 0 10.198 7.0711 5 5.831 65.192 25.4951 50.9902 57.0088 51.6236 43.1856 30.4138 20.2237 40.1622 29.1548 56.0803 44.4185 44.3847 42.5793 33.0151 37.1214 48.1664 31.4006
30.8058 13.4536 12.2066 9.8995 6.4031 5.3852 10.198 0 5.831 10.4403 7.6158 55.0818 15.2971 40.7922 46.8402 41.6293 33.541 21.1896 11.1803 30.0832 19.2354 46.0109 35 34.2053 32.3883 23.1948 27.0185 38.0526 21.2132
33.541 13 11.1803 10.198 7 5 7.0711 5.831 0 5 2 60 20 45.2769 50.9902 45.2217 39.0512 26.9258 17 33.9559 22.8035 51.0392 37.5899 38.4708 37.054 28.6356 32.0624 43.0116 26
38.0789 12 10 10.4403 8.6023 7.0711 5 10.4403 5 0 3 65 25 50.2494 55.9017 50 43.9318 31.6228 21.5407 38.833 27.6586 56.0357 42.0476 43.4166 42.0476 33.541 37.054 48.0104 31
35.3412 12.3693 10.4403 10 7.2801 5.3852 5.831 7.6158 2 3 0 62 22 47.2652 52.9528 47.1275 41 28.7924 18.7883 35.9026 24.7386 53.0377 39.3573 40.4475 39.0512 30.5941 34.0588 45.0111 28
33.541 66.0984 65.7647 62.8013 60.407 60.208 65.192 55.0818 60 65 62 0 40 15.8114 14.1421 22.0227 23.7697 36.4005 45.7056 28.1603 38.4708 9.2195 32.45 22.8035 23.0868 32.5576 28.0713 17.0294 34
18.0278 27.7308 26.9258 24.1661 21.1896 20.6155 25.4951 15.2971 20 25 22 40 0 25.4951 31.6228 26.9258 20.1246 11.1803 9.434 15.2643 6.3246 31.0644 22.2036 18.9737 17.1172 10 12.1655 23.0217 6
18.0278 52.811 52.2015 49.3356 46.5725 46.0977 50.9902 40.7922 45.2769 50.2494 47.2652 15.8114 25.4951 0 7.0711 9.2195 15.6525 25 32.6956 12.3693 23.0217 9.2195 17.6918 7.0711 8.544 20.2485 14.7648 6.3246 19.6469
20.6155 59.2368 58.5235 55.7136 52.811 52.2015 57.0088 46.8402 50.9902 55.9017 52.9528 14.1421 31.6228 7.0711 0 8.0623 22.4722 32.0156 39.3573 17.1172 28.2843 12.0416 18.7883 12.6491 15.2643 27.2029 21.6333 13.0384 26
13.0384 54.5894 53.6656 51 47.8539 47.0106 51.6236 41.6293 45.2217 50 47.1275 22.0227 26.9258 9.2195 8.0623 0 23.5372 30 35.609 11.6619 22.4722 17.8885 10.7703 9.434 13.4164 25 19.4165 15 22.0227
25.2982 43.1045 43.0116 40.0125 38.0526 38.2099 43.1856 33.541 39.0512 43.9318 41 23.7697 20.1246 15.6525 22.4722 23.5372 0 13.0384 23.0217 17.72 21.9317 14.7648 27.4591 15 11.0454 10.4403 9.2195 9.434 15
25.4951 30.0666 30 27 25.1794 25.4951 30.4138 21.1896 26.9258 31.6228 28.7924 36.4005 11.1803 25 32.0156 30 13.0384 0 10.198 19.6977 16.2788 27.2029 29.1204 20.6155 16.9706 5 10.6301 20.1246 10.0499
27.4591 20.3961 20.0998 17.1172 15.0333 15.2971 20.2237 11.1803 17 21.5407 18.7883 45.7056 9.434 32.6956 39.3573 35.609 23.0217 10.198 0 24.0832 15.6525 36.4966 31.6228 26.9258 24.1661 13.1529 18.0278 28.8617 13.6015
7.6158 42.9418 42.0476 39.3573 36.2491 35.4683 40.1622 30.0832 33.9559 38.833 35.9026 28.1603 15.2643 12.3693 17.1172 11.6619 17.72 19.6977 24.0832 0 11.1803 20.5913 10 5.3852 7.2111 14.8661 10.0499 13.4536 10.6301
12.0416 32.45 31.3847 28.8444 25.5539 24.5967 29.1548 19.2354 22.8035 27.6586 24.7386 38.4708 6.3246 23.0217 28.2843 22.4722 21.9317 16.2788 15.6525 11.1803 0 30.0832 16.2788 16 15.5242 13.4164 12.8062 22.1359 7.2111
27.0185 56.8859 56.5685 53.6004 51.2445 51.0882 56.0803 46.0109 51.0392 56.0357 53.0377 9.2195 31.0644 9.2195 12.0416 17.8885 14.7648 27.2029 36.4966 20.5913 30.0832 0 26.9072 15.2643 14.5602 23.3452 19 8.0623 25.0799
4.2426 48.4149 47.2017 44.8219 41.4005 40.2244 44.4185 35 37.5899 42.0476 39.3573 32.45 22.2036 17.6918 18.7883 10.7703 27.4591 29.1204 31.6228 10 16.2788 26.9072 0 13 16.4924 24.5153 20.025 21.4709 19.3132
12.0416 46.6154 45.8803 43.0813 40.1622 39.5601 44.3847 34.2053 38.4708 43.4166 40.4475 22.8035 18.9737 7.0711 12.6491 9.434 15 20.6155 26.9258 5.3852 16 15.2643 13 0 4.1231 15.6205 10 8.6023 13.4164
14.7648 44.2719 43.6807 40.8044 38.0789 37.6563 42.5793 32.3883 37.054 42.0476 39.0512 23.0868 17.1172 8.544 15.2643 13.4164 11.0454 16.9706 24.1661 7.2111 15.5242 14.5602 16.4924 4.1231 0 12.0416 6.4031 6.7082 11.1803
21.095 33.541 33.2415 30.2655 28.0179 28.0179 33.0151 23.1948 28.6356 33.541 30.5941 32.5576 10 20.2485 27.2029 25 10.4403 5 13.1529 14.8661 13.4164 23.3452 24.5153 15.6205 12.0416 0 5.6569 15.8114 6.3246
17.1172 38.3275 37.855 34.9285 32.3883 32.1403 37.1214 27.0185 32.0624 37.054 34.0588 28.0713 12.1655 14.7648 21.6333 19.4165 9.2195 10.6301 18.0278 10.0499 12.8062 19 20.025 10 6.4031 5.6569 0 11.0454 6.3246
20.6155 49.2443 48.8365 45.8912 43.4166 43.1856 48.1664 38.0526 43.0116 48.0104 45.0111 17.0294 23.0217 6.3246 13.0384 15 9.434 20.1246 28.8617 13.4536 22.1359 8.0623 21.4709 8.6023 6.7082 15.8114 11.0454 0 17.0294
15.5242 33.2415 32.573 29.7321 26.9258 26.4764 31.4006 21.2132 26 31 28 34 6 19.6469 26 22.0227 15 10.0499 13.6015 10.6301 7.2111 25.0799 19.3132 13.4164 11.1803 6.3246 6.3246 17.0294 0
