820.56
44
425 913 10
213 648 10
404 753 10
33 511 10
46 519 10
395 911 10
35 697 10
39 528 10
94 535 10
394 909 10
218 571 10
85 542 10
391 802 10
45 517 10
229 640 10
45 523 10
389 914 10
386 904 10
315 782 10
38 606 10
396 904 10
341 658 10
25 516 10
420 897 10
227 686 10
401 902 10
42 706 10
401 923 10
20 498 10
11 530 10
436 907 10
330 930 10
430 913 10
63 520 10
390 900 10
14 506 10
19 566 10
212 605 10
272 565 10
14 581 10
20 539 10
426 787 10
149 586 10
356 930 10
0 36.0555 33.541 31.6228 33.5261 32.3883 38.0789 35.3553 39.2938 41.2311 40.3113 45.1774 40.05 35.0571 45 35 45.0444 35.0571 45.2769 37.2022 38.3275 45.0444 38.0526 25 14.1421 26.9258 47.1699 42.4264 26.9258 20.6155 11.1803 10 19.6469 36.0555 57.0088 49.98 14.7648 19.2354 32.2025 38.2099 14.7648 20.6155 48.1664 20.5183 19.2354
36.0555 0 46.0977 41.2311 41.7612 37 47.4342 38.0789 43.8634 44.7214 40.3113 78.7464 73.3757 68.6222 77.6209 68.0074 77.1298 67.4463 76.4853 2 39.3573 78.1601 71.4703 50.2494 22.3607 55.9017 70.1783 60.8276 20.6155 55.9017 42.72 28.2843 18.6011 60 76.4853 77.0584 37.6563 51.8652 56.0089 56.5685 49.5782 56.0803 64.0312 45.3982 17.0294
33.541 46.0977 0 5 5.3852 10.198 5 11.1803 9.434 11.1803 14.1421 45.3431 40.6079 37.7359 42.4264 36.0555 41.0366 34.4093 39.0512 45.7056 12.8062 43.8634 39.4081 15.8114 32.0156 22.3607 25.4951 15 25.4951 35.3553 25.4951 39.0512 42.2019 18.0278 30.4138 34.5398 18.7883 27.2947 15.5563 11.1803 43.7379 46.0435 18.0278 16 38.2753
31.6228 41.2311 5 0 2 5.3852 7.0711 7.0711 8 10 11.1803 48.7955 43.8634 40.6079 46.0977 39.0512 44.8219 37.5366 43.0116 40.7922 9.434 47.4236 42.5206 18.0278 28.2843 25 30.4138 20 20.6155 36.4005 25 36.0555 38.2884 22.3607 35.3553 39.2173 17.2627 28.4605 19.4165 16.1245 43.1045 46.0977 22.8035 16.7631 34.2053
33.5261 41.7612 5.3852 2 0 5 5.831 5.831 6 8 9.434 50.2096 45.3431 42.2019 47.4236 40.6079 46.0977 39.0512 44.2041 41.2311 7.8102 48.7955 44.0454 19.7231 29.7321 26.6271 30.8058 20.0998 21.1896 38.3275 27 37.7359 39.6232 23.3238 35.1283 39.9249 19.2354 30.3645 20.6155 16.4924 45.0999 48.0937 22.3607 18.6815 35.4683
32.3883 37 10.198 5.3852 5 0 10.4403 3 7.8102 9.434 8 53.8145 48.7955 45.3431 51.225 43.8634 50 42.4264 48.2597 36.4005 6 52.4976 47.3814 22.6716 26.6271 29.7321 35.6931 25.0799 16.5529 39.9249 27.4591 35.3412 36.1248 27.7308 40.1123 44.5982 19.105 32.2025 24.6982 21.3776 45.0444 48.6621 27.2947 20.5913 31.8277
38.0789 47.4342 5 7.0711 5.831 10.4403 0 10 5.831 7.0711 11.1803 49.2037 44.6542 42.0595 46.0977 40.3113 44.5982 38.5876 42.4264 46.8402 10.4403 47.634 43.566 20.6155 35.3553 26.9258 26.9258 15.8114 26.9258 40.3113 30.4138 43.0116 45.3431 21.2132 30 36.7151 23.4094 32.249 19.4165 13.0384 48.6621 51.0392 17.0294 21 41.2311
35.3553 38.0789 11.1803 7.0711 5.831 3 10 0 5.831 7.0711 5 55.8659 50.9313 47.634 53.1507 46.0977 51.8556 44.5982 50 37.3363 3 54.4885 49.5782 25 29.1548 32.0156 36.4005 25.4951 18.0278 42.72 30.4138 38.0789 38.4187 29.1548 40 45.6946 22.0907 34.9285 26.4008 22.1359 48.0416 51.6236 27.0185 23.2594 34.0588
39.2938 43.8634 9.434 8 6 7.8102 5.831 5.831 0 2 5.3852 54.6717 50 47.1699 51.6624 45.4863 50.2096 43.8292 48.1041 43.0813 5 53.1507 48.8262 25.0799 34.4093 31.7648 32.6956 21.5407 23.8537 44.1475 33 42.9418 43.9318 26.9072 35.1283 42.5441 25.1794 36.1386 24.8395 18.868 51.0882 54.0833 22.0907 24.5153 39.6232
41.2311 44.7214 11.1803 10 8 9.434 7.0711 7.0711 2 0 5 56.2228 51.614 48.8774 53.1507 47.1699 51.6624 45.4863 49.4975 43.8634 5.3852 54.6717 50.4777 26.9258 36.0555 33.541 33.541 22.3607 25 46.0977 35 44.7214 45.4533 28.2843 35.3553 43.566 27.1662 38.0789 26.4008 20 53.0848 56.0803 22.3607 26.4764 41.1096
40.3113 40.3113 14.1421 11.1803 9.434 8 11.1803 5 5.3852 5 0 59.4643 54.6717 51.614 56.5685 50 55.1725 48.4149 53.1507 39.3573 2 58 53.4135 29.1548 33.541 36.0555 38.0789 26.9258 21.2132 47.4342 35.3553 42.72 42.4382 32.0156 40.3113 47.8853 27.074 39.5601 29.6985 24.1868 53.0377 56.5685 27.2947 27.8568 38.0132
45.1774 78.7464 45.3431 48.7955 50.2096 53.8145 49.2037 55.8659 54.6717 56.2228 59.4643 0 5.3852 10.198 4 10.7703 6 11.6619 9 79.3788 58 2 7.2801 31.4006 56.7539 24.4131 29.4279 37.1618 62.1772 25.02 36.1386 55.1453 64.6297 28.3019 39 21.095 41.6293 26.9258 29.8329 37.2156 39.0512 34.176 42.0595 34.9857 63.3482
40.05 73.3757 40.6079 43.8634 45.3431 48.7955 44.6542 50.9313 50 51.614 54.6717 5.3852 0 5 5.3852 5.3852 6.4031 6.4031 8.6023 74 53.1507 5 2 26.2488 51.4198 19.2094 27 33.5261 56.8243 20.2237 30.8058 50.04 59.4138 24.1661 37.3363 20.2485 36.2491 21.587 25.2389 33.1059 34.7851 30.4138 38.833 29.6816 58.0517
35.0571 68.6222 37.7359 40.6079 42.2019 45.3431 42.0595 47.634 47.1699 48.8774 51.614 10.198 5 0 10.198 2 10.7703 4 12.2066 69.2892 50 10 3 22.6716 46.5725 15.6205 27.4591 32.3883 52.4786 15.2971 25.9615 45.0444 54.4518 22.561 38.3275 22.4722 31.7648 16.7631 22.8473 31.3209 30.0832 26.0768 38.1182 25.6125 53.1507
45 77.6209 42.4264 46.0977 47.4236 51.225 46.0977 53.1507 51.6624 53.1507 56.5685 4 5.3852 10.198 0 10 2 10.198 5 78.1601 55.1725 2 7.2801 29.1548 55.9017 22.3607 25.4951 33.541 60.4152 25.4951 35.3553 55 64.195 25 35 17.1172 40.1622 26.1725 26.8701 33.8378 40.1622 35.7771 38.2753 33.1059 62.6498
35 68.0074 36.0555 39.0512 40.6079 43.8634 40.3113 46.0977 45.4863 47.1699 50 10.7703 5.3852 2 10 0 10.198 2 11.1803 68.6222 48.4149 10.198 3.6056 21.2132 46.0977 14.1421 25.4951 30.4138 51.4782 15.8114 25.4951 45 54.231 20.6155 36.4005 20.8087 30.8707 16.2788 21.0238 29.4109 30.8707 27.2029 36.1248 24.4131 52.7731
45.0444 77.1298 41.0366 44.8219 46.0977 50 44.5982 51.8556 50.2096 51.6624 55.1725 6 6.4031 10.7703 2 10.198 0 10 3 77.6209 53.8145 4 8.0623 28.178 55.5788 21.5407 23.5372 31.7648 59.6154 25.9615 35.1283 55.0364 64.0703 23.4307 33 15.1327 39.5601 26.0192 25.4951 32.2025 40.8534 36.7151 36.4005 32.311 62.3939
35.0571 67.4463 34.4093 37.5366 39.0512 42.4264 38.5876 44.5982 43.8292 45.4863 48.4149 11.6619 6.4031 4 10.198 2 10 0 10.4403 68.0074 46.8615 10.7703 5 19.8494 45.7056 12.8062 23.5372 28.4429 50.5371 16.5529 25.1794 45.0444 54.0833 18.6815 34.4819 19.2094 30.0832 16.0312 19.2354 27.5136 31.7648 28.4253 34.1321 23.3238 52.469
45.2769 76.4853 39.0512 43.0116 44.2041 48.2597 42.4264 50 48.1041 49.4975 53.1507 9 8.6023 12.2066 5 11.1803 3 10.4403 0 76.9025 51.8556 7 9.8995 26.9258 55.2268 20.6155 20.6155 29.1548 58.5235 26.9258 35 55.2268 64 21.2132 30 12.1655 38.833 26.0768 23.6008 29.8329 42.0476 38.2753 33.6155 31.3209 62.1289
37.2022 2 45.7056 40.7922 41.2311 36.4005 46.8402 37.3363 43.0813 43.8634 39.3573 79.3788 74 69.2892 78.1601 68.6222 77.6209 68.0074 76.9025 0 38.4838 78.7464 72.111 50.4876 23.3238 56.2939 70.0643 60.531 20.2237 56.8243 43.4626 29.7321 20.2485 60.0333 76.1183 77.1622 38.0789 52.5547 56.0803 56.3205 50.9313 57.3847 63.561 45.7056 18.3848
38.3275 39.3573 12.8062 9.434 7.8102 6 10.4403 3 5 5.3852 2 58 53.1507 50 55.1725 48.4149 53.8145 46.8615 51.8556 38.4838 0 56.5685 51.8556 27.4591 31.7648 34.4093 37.3363 26.2488 19.8494 45.5412 33.3766 40.8534 40.8044 30.8058 40.1123 46.9574 25.0799 37.6962 28.3196 23.2594 51.0392 54.5894 27.074 26 36.4005
45.0444 78.1601 43.8634 47.4236 48.7955 52.4976 47.634 54.4885 53.1507 54.6717 58 2 5 10 2 10.198 4 10.7703 7 78.7464 56.5685 0 7 30.2324 56.2939 23.3238 27.4591 35.3412 61.2699 25.1794 35.6931 55.0364 64.3817 26.6271 37 19.105 40.8534 26.4764 28.3196 35.5106 39.5601 34.9285 40.1622 34 62.9682
38.0526 71.4703 39.4081 42.5206 44.0454 47.3814 43.566 49.5782 48.8262 50.4777 53.4135 7.2801 2 3 7.2801 3.6056 8.0623 5 9.8995 72.111 51.8556 7 0 24.7588 49.4773 17.6918 27.074 32.9848 55.0727 18.2483 28.8617 48.0416 57.4282 23.4094 37.6563 21.0238 34.4384 19.6469 24.1868 32.311 32.8938 28.6531 38.4708 28.0179 56.0892
25 50.2494 15.8114 18.0278 19.7231 22.6716 20.6155 25 25.0799 26.9258 29.1548 31.4006 26.2488 22.6716 29.1548 21.2132 28.178 19.8494 26.9258 50.4876 27.4591 30.2324 24.7588 0 30.4138 7.0711 22.3607 18.0278 31.6228 20 14.1421 33.541 40.2616 11.1803 32.0156 27.074 13.1529 12.0416 7.2111 14.3178 30.8707 31.7805 24.1868 5.099 37.4833
14.1421 22.3607 32.0156 28.2843 29.7321 26.6271 35.3553 29.1548 34.4093 36.0555 33.541 56.7539 51.4198 46.5725 55.9017 46.0977 55.5788 45.7056 55.2268 23.3238 31.7648 56.2939 49.4773 30.4138 0 35 52.2015 44.7214 15 33.541 20.6155 10 10.2956 41.2311 60.4152 57.4282 17.2627 29.8329 37.108 40.2492 28.6007 34.7131 49.3964 25.318 7.0711
26.9258 55.9017 22.3607 25 26.6271 29.7321 26.9258 32.0156 31.7648 33.541 36.0555 24.4131 19.2094 15.6205 22.3607 14.1421 21.5407 12.8062 20.6155 56.2939 34.4093 23.3238 17.6918 7.0711 35 0 21.2132 20.6155 38.0789 15.8114 15.8114 36.4005 44.2832 11.1803 32.0156 23.0868 18.2483 9.2195 9.0554 18.0278 29.2062 28.6356 26.9258 10.7703 42.0119
47.1699 70.1783 25.4951 30.4138 30.8058 35.6931 26.9258 36.4005 32.6956 33.541 38.0789 29.4279 27 27.4591 25.4951 25.4951 23.5372 23.5372 20.6155 70.0643 37.3363 27.4591 27.074 22.3607 52.2015 21.2132 0 11.1803 50 36.0555 36.0555 55.9017 62.2977 11.1803 11.1803 10.6301 35.1141 30.4138 15.2315 14.3178 50.3289 49.0918 13.6015 27.313 59.203
42.4264 60.8276 15 20 20.0998 25.0799 15.8114 25.4951 21.5407 22.3607 26.9258 37.1618 33.5261 32.3883 33.541 30.4138 31.7648 28.4429 29.1548 60.531 26.2488 35.3412 32.9848 18.0278 44.7214 20.6155 11.1803 0 40.3113 36.4005 32.0156 50 55.0091 10 15.8114 21.4009 28.6007 29.1548 11.7047 4.4721 48.7647 49.0408 6.3246 21.9317 51.4782
26.9258 20.6155 25.4951 20.6155 21.1896 16.5529 26.9258 18.0278 23.8537 25 21.2132 62.1772 56.8243 52.4786 60.4152 51.4782 59.6154 50.5371 58.5235 20.2237 19.8494 61.2699 55.0727 31.6228 15 38.0789 50 40.3113 0 42.4264 28.2843 25 21.9317 40.3113 55.9017 57.5587 20.8087 36.4005 36.4966 36.1248 41.6293 47.0106 43.4166 27.313 17.4642
20.6155 55.9017 35.3553 36.4005 38.3275 39.9249 40.3113 42.72 44.1475 46.0977 47.4342 25.02 20.2237 15.2971 25.4951 15.8114 25.9615 16.5529 26.9258 56.8243 45.5412 25.1794 18.2483 20 33.541 15.8114 36.0555 36.4005 42.4264 0 14.1421 30.4138 40.2616 26.9258 47.1699 34.8281 22.2036 8.0623 24.7386 33.541 15.2643 13.0384 42.72 19.6469 39.5601
11.1803 42.72 25.4951 25 27 27.4591 30.4138 30.4138 33 35 35.3553 36.1386 30.8058 25.9615 35.3553 25.4951 35.1283 25.1794 35 43.4626 33.3766 35.6931 28.8617 14.1421 20.6155 15.8114 36.0555 32.0156 28.2843 14.1421 0 20.6155 29 25 46.0977 38.8973 8.544 9.2195 21.2603 28.0179 18.2483 21.2132 38.0132 10.2956 27.2947
10 28.2843 39.0512 36.0555 37.7359 35.3412 43.0116 38.0789 42.9418 44.7214 42.72 55.1453 50.04 45.0444 55 45 55.0364 45.0444 55.2268 29.7321 40.8534 55.0364 48.0416 33.541 10 36.4005 55.9017 50 25 30.4138 20.6155 0 10.2956 44.7214 65.192 59.4811 21.4009 29.1548 40.7063 45.607 21.4009 28.0179 55.3173 28.6531 11.4018
19.6469 18.6011 42.2019 38.2884 39.6232 36.1248 45.3431 38.4187 43.9318 45.4533 42.4382 64.6297 59.4138 54.4518 64.195 54.231 64.0703 54.0833 64 20.2485 40.8044 64.3817 57.4282 40.2616 10.2956 44.2832 62.2977 55.0091 21.9317 40.2616 29 10.2956 0 51.2445 70.6824 67.082 27.2029 38.0526 47.1275 50.5371 31.6228 38.2753 59.6825 35.171 4.4721
36.0555 60 18.0278 22.3607 23.3238 27.7308 21.2132 29.1548 26.9072 28.2843 32.0156 28.3019 24.1661 22.561 25 20.6155 23.4307 18.6815 21.2132 60.0333 30.8058 26.6271 23.4094 11.1803 41.2311 11.1803 11.1803 10 40.3113 26.9258 25 44.7214 51.2445 0 21.2132 17.2627 24.0416 20.2485 4.1231 8.9443 40.2244 39.8121 16.1245 16.1555 48.2701
57.0088 76.4853 30.4138 35.3553 35.1283 40.1123 30 40 35.1283 35.3553 40.3113 39 37.3363 38.3275 35 36.4005 33 34.4819 30 76.1183 40.1123 37 37.6563 32.0156 60.4152 32.0156 11.1803 15.8114 55.9017 47.1699 46.0977 65.192 70.6824 21.2132 0 18.1108 43.909 41.2311 24.8395 20.2485 61.2209 60.208 13.0384 36.6197 67.2309
49.98 77.0584 34.5398 39.2173 39.9249 44.5982 36.7151 45.6946 42.5441 43.566 47.8853 21.095 20.2485 22.4722 17.1172 20.8087 15.1327 19.2094 12.1655 77.1622 46.9574 19.105 21.0238 27.074 57.4282 23.0868 10.6301 21.4009 57.5587 34.8281 38.8973 59.4811 67.082 17.2627 18.1108 0 40.1995 31.305 21.095 23.7065 50 47.3814 24.2074 32.1403 64.4981
14.7648 37.6563 18.7883 17.2627 19.2354 19.105 23.4094 22.0907 25.1794 27.1662 27.074 41.6293 36.2491 31.7648 40.1622 30.8707 39.5601 30.0832 38.833 38.0789 25.0799 40.8534 34.4384 13.1529 17.2627 18.2483 35.1141 28.6007 20.8087 22.2036 8.544 21.4009 27.2029 24.0416 43.909 40.1995 0 15.6205 19.9249 24.2074 26 29.6142 33.9706 8.0623 24.3311
19.2354 51.8652 27.2947 28.4605 30.3645 32.2025 32.249 34.9285 36.1386 38.0789 39.5601 26.9258 21.587 16.7631 26.1725 16.2788 26.0192 16.0312 26.0768 52.5547 37.6962 26.4764 19.6469 12.0416 29.8329 9.2195 30.4138 29.1548 36.4005 8.0623 9.2195 29.1548 38.0526 20.2485 41.2311 31.305 15.6205 0 17.4642 25.9615 20 19.9249 35.4683 11.7047 36.4966
32.2025 56.0089 15.5563 19.4165 20.6155 24.6982 19.4165 26.4008 24.8395 26.4008 29.6985 29.8329 25.2389 22.8473 26.8701 21.0238 25.4951 19.2354 23.6008 56.0803 28.3196 28.3196 24.1868 7.2111 37.108 9.0554 15.2315 11.7047 36.4966 24.7386 21.2603 40.7063 47.1275 4.1231 24.8395 21.095 19.9249 17.4642 0 9 37.2156 37.3363 18.0278 12.083 44.1475
38.2099 56.5685 11.1803 16.1245 16.4924 21.3776 13.0384 22.1359 18.868 20 24.1868 37.2156 33.1059 31.3209 33.8378 29.4109 32.2025 27.5136 29.8329 56.3205 23.2594 35.5106 32.311 14.3178 40.2492 18.0278 14.3178 4.4721 36.1248 33.541 28.0179 45.607 50.5371 8.9443 20.2485 23.7065 24.2074 25.9615 9 0 45.1885 45.8803 10 17.8045 47.0106
14.7648 49.5782 43.7379 43.1045 45.0999 45.0444 48.6621 48.0416 51.0882 53.0848 53.0377 39.0512 34.7851 30.0832 40.1622 30.8707 40.8534 31.7648 42.0476 50.9313 51.0392 39.5601 32.8938 30.8707 28.6007 29.2062 50.3289 48.7647 41.6293 15.2643 18.2483 21.4009 31.6228 40.2244 61.2209 50 26 20 37.2156 45.1885 0 6.7082 55.0091 28.1603 32.5576
20.6155 56.0803 46.0435 46.0977 48.0937 48.6621 51.0392 51.6236 54.0833 56.0803 56.5685 34.176 30.4138 26.0768 35.7771 27.2029 36.7151 28.4253 38.2753 57.3847 54.5894 34.9285 28.6531 31.7805 34.7131 28.6356 49.0918 49.0408 47.0106 13.0384 21.2132 28.0179 38.2753 39.8121 60.208 47.3814 29.6142 19.9249 37.3363 45.8803 6.7082 0 55.3624 30.0666 39.0512
48.1664 64.0312 18.0278 22.8035 22.3607 27.2947 17.0294 27.0185 22.0907 22.3607 27.2947 42.0595 38.833 38.1182 38.2753 36.1248 36.4005 34.1321 33.6155 63.561 27.074 40.1622 38.4708 24.1868 49.3964 26.9258 13.6015 6.3246 43.4166 42.72 38.0132 55.3173 59.6825 16.1245 13.0384 24.2074 33.9706 35.4683 18.0278 10 55.0091 55.3624 0 27.8029 55.9464
20.5183 45.3982 16 16.7631 18.6815 20.5913 21 23.2594 24.5153 26.4764 27.8568 34.9857 29.6816 25.6125 33.1059 24.4131 32.311 23.3238 31.3209 45.7056 26 34 28.0179 5.099 25.318 10.7703 27.313 21.9317 27.313 19.6469 10.2956 28.6531 35.171 16.1555 36.6197 32.1403 8.0623 11.7047 12.083 17.8045 28.1603 30.0666 27.8029 0 32.3883
19.2354 17.0294 38.2753 34.2053 35.4683 31.8277 41.2311 34.0588 39.6232 41.1096 38.0132 63.3482 58.0517 53.1507 62.6498 52.7731 62.3939 52.469 62.1289 18.3848 36.4005 62.9682 56.0892 37.4833 7.0711 42.0119 59.203 51.4782 17.4642 39.5601 27.2947 11.4018 4.4721 48.2701 67.2309 64.4981 24.3311 36.4966 44.1475 47.0106 32.5576 39.0512 55.9464 32.3883 0
