726.36
33
73 350 10
40 390 10
598 883 10
348 904 10
509 668 10
57 664 10
564 797 10
51 673 10
462 631 10
131 544 10
233 544 10
33 624 10
62 491 10
37 677 10
636 904 10
471 662 10
404 829 10
230 405 10
29 587 10
423 828 10
201 400 10
27 382 10
426 942 10
369 460 10
304 605 10
318 489 10
100 539 10
565 897 10
324 513 10
651 906 10
14 669 10
298 928 10
385 518 10
0 30.8058 40.3113 35.0571 45.2769 58.5235 57.0088 51.0784 51.4782 47.4342 37.2022 40.3113 33.541 35.3412 37.7359 45.0444 35.3412 18.0278 15.8114 29.1548 13.0384 25.4951 27.4591 7.6158 12.0416 27.0185 35.4683 17.8885 52.4786 4.2426 12.0416 14.7648 21.095 17.1172
30.8058 0 10.198 62.0967 71.1969 85.7555 83.2406 79.0569 80.4301 74.6257 40.3113 39.2938 33.3766 33.7343 7.2801 72.8011 64.0312 48.8262 25.0799 58.7282 42.4853 47.4236 42.2019 37.5366 31.9061 57.8014 66.2193 17.1172 83.2166 31.7648 42.638 44.5533 45.2769 44.2041
40.3113 10.198 0 72.2772 81.3941 93.0054 90.1388 86.6833 88.459 82.0061 42.2966 40 35.3553 35.1283 3 82.9699 72.1388 58.3095 32.0156 67.2681 52.3927 54.0833 47.4236 46.6154 39.6232 67.1193 75.452 27.2947 92.7847 41.6293 51.8652 53.4135 52.6308 52.3259
35.0571 62.0967 72.2772 0 10.4403 58.9406 60.407 51.2445 48.0521 51.0784 69.2892 73.3757 67.1863 69.1231 69.3758 10.7703 39.4462 23.3238 50.4876 33.6006 22.2036 48.2597 55.9017 33.2415 44.3847 23.6008 26.2488 45.2217 30.6757 32.0156 29.1548 31.7648 43.566 38.0789
45.2769 71.1969 81.3941 10.4403 0 65 67.082 57.6975 53.8516 58.3095 79.712 83.8153 77.6209 79.555 78.4474 7 47.634 33.541 60.8276 42.4264 32.5576 58.3095 66.2118 43.6807 54.8179 32.5576 33.2866 54.1295 32 42.0476 39.5601 42.0476 53.7122 48.3011
58.5235 85.7555 93.0054 58.9406 65 0 5 8 11.1803 11.1803 59.9083 65.192 64.0312 65.6049 91.2634 58.6003 23.5372 45.2769 61.0328 30.4138 54.4518 39.0512 47.4236 50.9215 53.8516 38.0132 32.7567 76.3217 37.5366 60.4401 47.5395 43.9659 40.4969 42.0476
57.0088 83.2406 90.1388 60.407 67.082 5 0 9.434 14.1421 10 55.8032 61.0328 60.208 61.7171 88.5099 60.9016 23 45 58.3095 30 54.037 36.0555 43.8634 49.4773 51.4296 38.4708 34.176 74.6324 41.0366 59.2284 46.5296 42.7551 38.0132 40.1622
51.0784 79.0569 86.6833 51.2445 57.6975 8 9.434 0 5.3852 5.3852 55.9017 61.2699 59.3633 61.0574 84.8116 51.4782 15.8114 37.3363 54.6717 22.561 46.5296 33.3017 42.4382 43.4626 47.2017 30.0167 25 68.942 32.0156 52.811 39.8497 36.4005 34.0588 34.9857
51.4782 80.4301 88.459 48.0521 53.8516 11.1803 14.1421 5.3852 0 10 59.6154 65 62.6498 64.4127 86.4523 47.4236 16.4012 36.4005 56.5685 22.3607 45.607 36.0555 45.6508 43.909 48.8365 28.2843 22.0907 69.3542 26.9072 52.8015 39.8121 36.7151 36.1248 36.2353
47.4342 74.6257 82.0061 51.0784 58.3095 11.1803 10 5.3852 10 0 50.5371 55.9017 54.0833 55.7584 80.2122 52.4309 13 35 50 20 44.0454 28.2843 37.2022 39.8497 42.72 28.6356 25.0599 65.192 34.9857 49.4773 36.6742 32.9848 29.4109 30.8707
37.2022 40.3113 42.2966 69.2892 79.712 59.9083 55.8032 55.9017 59.6154 50.5371 0 5.3852 7 7.2801 42.0476 77.6209 46.0977 46.5725 22.6716 45.0999 47.8539 25.1794 15.0333 36.2491 25.5539 51.2445 57.0088 43.909 75.1665 41.4005 40.1622 38.0789 28.0179 32.3883
40.3113 39.2938 40 73.3757 83.8153 65.192 61.0328 61.2699 65 55.9017 5.3852 0 7.0711 5.831 40.1123 82 51.4198 50.9902 25 50.2494 51.6236 30.4138 20.2237 40.1622 29.1548 56.0803 62.0725 45 80.3057 44.4185 44.3847 42.5793 33.0151 37.1214
33.541 33.3766 35.3553 67.1863 77.6209 64.0312 60.208 59.3633 62.6498 54.0833 7 7.0711 0 2 35.0571 76.1183 48.1041 45.2769 18.0278 46.0977 45.2217 26.9258 17 33.9559 22.8035 51.0392 57.5587 38.0132 75.9539 37.5899 38.4708 37.054 28.6356 32.0624
35.3412 33.7343 35.1283 69.1231 79.555 65.6049 61.7171 61.0574 64.4127 55.7584 7.2801 5.831 2 0 35 78.0897 49.98 47.2652 19.7231 48.0521 47.1275 28.7924 18.7883 35.9026 24.7386 53.0377 59.5399 39.2046 77.9295 39.3573 40.4475 39.0512 30.5941 34.0588
37.7359 7.2801 3 69.3758 78.4474 91.2634 88.5099 84.8116 86.4523 80.2122 42.0476 40.1123 35.0571 35 0 80.0812 70.0928 55.7584 30.2324 65.0692 49.6588 52.4786 46.2385 44.2041 37.6431 64.6375 73.0068 24.3311 90.2109 38.9102 49.4065 51.0882 50.8035 50.2494
45.0444 72.8011 82.9699 10.7703 7 58.6003 60.9016 51.4782 47.4236 52.4309 77.6209 82 76.1183 78.0897 80.0812 0 42.4264 31.0483 60.075 37.8021 32.0156 55.0364 63.5689 42.2966 53.4603 28.3019 27.6586 55.9732 25 42.2966 37.6563 39.5601 50.6952 45.5412
35.3412 64.0312 72.1388 39.4462 47.634 23.5372 23 15.8114 16.4012 13 46.0977 51.4198 48.1041 49.98 70.0928 42.4264 0 22 40.3609 7 31.0644 21.1896 31.3209 27.7308 32.5269 16.1555 15 53.2259 30.4138 37 24.0416 20.6155 20.2485 19.8494
18.0278 48.8262 58.3095 23.3238 33.541 45.2769 45 37.3363 36.4005 35 46.5725 50.9902 45.2769 47.2652 55.7584 31.0483 22 0 30.4138 15 9.2195 25 32.6956 12.3693 23.0217 9.2195 17.6918 34.7131 34.4819 17.6918 7.0711 8.544 20.2485 14.7648
15.8114 25.0799 32.0156 50.4876 60.8276 61.0328 58.3095 54.6717 56.5685 50 22.6716 25 18.0278 19.7231 30.2324 60.075 40.3609 30.4138 0 36.0555 28.2843 22.3607 18 18.1108 8.0623 37.9473 45.6946 22.1359 63.9062 19.6977 23.3452 23.4094 20.6155 20.8087
29.1548 58.7282 67.2681 33.6006 42.4264 30.4138 30 22.561 22.3607 20 45.0999 50.2494 46.0977 48.0521 65.0692 37.8021 7 15 36.0555 0 24.0832 20 30.0666 21.6333 28.0179 10 12.1655 47.0106 30.0666 30.4631 17.4642 14.4222 17.4642 15.2643
13.0384 42.4853 52.3927 22.2036 32.5576 54.4518 54.037 46.5296 45.607 44.0454 47.8539 51.6236 45.2217 47.1275 49.6588 32.0156 31.0644 9.2195 28.2843 24.0832 0 30 35.609 11.6619 22.4722 17.8885 26.0768 27.0185 41.2311 10.7703 9.434 13.4164 25 19.4165
25.4951 47.4236 54.0833 48.2597 58.3095 39.0512 36.0555 33.3017 36.0555 28.2843 25.1794 30.4138 26.9258 28.7924 52.4786 55.0364 21.1896 25 22.3607 20 30 0 10.198 19.6977 16.2788 27.2029 32.0624 41.1096 50.04 29.1204 20.6155 16.9706 5 10.6301
27.4591 42.2019 47.4236 55.9017 66.2118 47.4236 43.8634 42.4382 45.6508 37.2022 15.0333 20.2237 17 18.7883 46.2385 63.5689 31.3209 32.6956 18 30.0666 35.609 10.198 0 24.0832 15.6525 36.4966 42 39.6232 60.1332 31.6228 26.9258 24.1661 13.1529 18.0278
7.6158 37.5366 46.6154 33.2415 43.6807 50.9215 49.4773 43.4626 43.909 39.8497 36.2491 40.1622 33.9559 35.9026 44.2041 42.2966 27.7308 12.3693 18.1108 21.6333 11.6619 19.6977 24.0832 0 11.1803 20.5913 28.8444 25.4951 46.5188 10 5.3852 7.2111 14.8661 10.0499
12.0416 31.9061 39.6232 44.3847 54.8179 53.8516 51.4296 47.2017 48.8365 42.72 25.5539 29.1548 22.8035 24.7386 37.6431 53.4603 32.5269 23.0217 8.0623 28.0179 22.4722 16.2788 15.6525 11.1803 0 30.0832 37.6962 25 55.9732 16.2788 16 15.5242 13.4164 12.8062
27.0185 57.8014 67.1193 23.6008 32.5576 38.0132 38.4708 30.0167 28.2843 28.6356 51.2445 56.0803 51.0392 53.0377 64.6375 28.3019 16.1555 9.2195 37.9473 10 17.8885 27.2029 36.4966 20.5913 30.0832 0 8.4853 43.9318 26 26.9072 15.2643 14.5602 23.3452 19
35.4683 66.2193 75.452 26.2488 33.2866 32.7567 34.176 25 22.0907 25.0599 57.0088 62.0725 57.5587 59.5399 73.0068 27.6586 15 17.6918 45.6946 12.1655 26.0768 32.0624 42 28.8444 37.6962 8.4853 0 52.4023 18.4391 35.3836 23.6008 22.3607 29.0689 25.7099
17.8885 17.1172 27.2947 45.2217 54.1295 76.3217 74.6324 68.942 69.3542 65.192 43.909 45 38.0132 39.2046 24.3311 55.9732 53.2259 34.7131 22.1359 47.0106 27.0185 41.1096 39.6232 25.4951 25 43.9318 52.4023 0 68.2495 17.0294 29.6816 32.6497 37.4833 34.4819
52.4786 83.2166 92.7847 30.6757 32 37.5366 41.0366 32.0156 26.9072 34.9857 75.1665 80.3057 75.9539 77.9295 90.2109 25 30.4138 34.4819 63.9062 30.0666 41.2311 50.04 60.1332 46.5188 55.9732 26 18.4391 68.2495 0 51.614 41.1461 40.4969 47.3814 44.1475
4.2426 31.7648 41.6293 32.0156 42.0476 60.4401 59.2284 52.811 52.8015 49.4773 41.4005 44.4185 37.5899 39.3573 38.9102 42.2966 37 17.6918 19.6977 30.4631 10.7703 29.1204 31.6228 10 16.2788 26.9072 35.3836 17.0294 51.614 0 13 16.4924 24.5153 20.025
12.0416 42.638 51.8652 29.1548 39.5601 47.5395 46.5296 39.8497 39.8121 36.6742 40.1622 44.3847 38.4708 40.4475 49.4065 37.6563 24.0416 7.0711 23.3452 17.4642 9.434 20.6155 26.9258 5.3852 16 15.2643 23.6008 29.6816 41.1461 13 0 4.1231 15.6205 10
14.7648 44.5533 53.4135 31.7648 42.0476 43.9659 42.7551 36.4005 36.7151 32.9848 38.0789 42.5793 37.054 39.0512 51.0882 39.5601 20.6155 8.544 23.4094 14.4222 13.4164 16.9706 24.1661 7.2111 15.5242 14.5602 22.3607 32.6497 40.4969 16.4924 4.1231 0 12.0416 6.4031
21.095 45.2769 52.6308 43.566 53.7122 40.4969 38.0132 34.0588 36.1248 29.4109 28.0179 33.0151 28.6356 30.5941 50.8035 50.6952 20.2485 20.2485 20.6155 17.4642 25 5 13.1529 14.8661 13.4164 23.3452 29.0689 37.4833 47.3814 24.5153 15.6205 12.0416 0 5.6569
17.1172 44.2041 52.3259 38.0789 48.3011 42.0476 40.1622 34.9857 36.2353 30.8707 32.3883 37.1214 32.0624 34.0588 50.2494 45.5412 19.8494 14.7648 20.8087 15.2643 19.4165 10.6301 18.0278 10.0499 12.8062 19 25.7099 34.4819 44.1475 20.025 10 6.4031 5.6569 0
