755.93
26
225 285 10
683 743 10
204 264 10
204 425 10
698 827 10
306 483 10
199 428 10
494 699 10
45 525 10
383 486 10
231 291 10
37 177 10
460 539 10
273 498 10
560 673 10
342 571 10
42 522 10
623 884 10
570 681 10
780 930 10
675 735 10
57 537 10
298 358 10
425 485 10
20 500 10
516 697 10
0 33.5261 38.0789 39.2938 41.2311 40.3113 45.1774 40.05 35.0571 45 35 45.0444 37.7359 38.0526 33.541 18.0278 26.9258 42.4264 26.9258 13.0384 19.6469 36.0555 57.0088 42.9418 27.0185 20.6155 48.1664
33.5261 0 5.831 6 8 9.434 50.2096 45.3431 42.2019 47.4236 40.6079 46.0977 43.6807 44.0454 51.0784 42.2966 26.6271 20.0998 21.1896 33.1361 39.6232 23.3238 35.1283 59.0593 50.2195 48.0937 22.3607
38.0789 5.831 0 5.831 7.0711 11.1803 49.2037 44.6542 42.0595 46.0977 40.3113 44.5982 49.3356 43.566 52.2015 45 26.9258 15.8114 26.9258 36.0555 45.3431 21.2132 30 59.6154 52.345 51.0392 17.0294
39.2938 6 5.831 0 2 5.3852 54.6717 50 47.1699 51.6624 45.4863 50.2096 45.6946 48.8262 56.648 48.2597 31.7648 21.5407 23.8537 39.1152 43.9318 26.9072 35.1283 64.405 56.0892 54.0833 22.0907
41.2311 8 7.0711 2 0 5 56.2228 51.614 48.8774 53.1507 47.1699 51.6624 46.5188 50.4777 58.5235 50.2494 33.541 22.3607 25 41.1096 45.4533 28.2843 35.3553 66.2118 58.0517 56.0803 22.3607
40.3113 9.434 11.1803 5.3852 5 0 59.4643 54.6717 51.614 56.5685 50 55.1725 42.0595 53.4135 60.4152 50.9902 36.0555 26.9258 21.2132 41.7732 42.4382 32.0156 40.3113 68.4763 59.203 56.5685 27.2947
45.1774 50.2096 49.2037 54.6717 56.2228 59.4643 0 5.3852 10.198 4 10.7703 6 80.6536 7.2801 18.6011 30.5941 24.4131 37.1618 62.1772 32.1403 64.6297 28.3019 39 17.4642 27.2947 34.176 42.0595
40.05 45.3431 44.6542 50 51.614 54.6717 5.3852 0 5 5.3852 5.3852 6.4031 75.2861 2 16.4012 26.2488 19.2094 33.5261 56.8243 27.0185 59.4138 24.1661 37.3363 18.1108 24.2074 30.4138 38.833
35.0571 42.2019 42.0595 47.1699 48.8774 51.614 10.198 5 0 10.198 2 10.7703 70.5195 3 13.9284 21.5407 15.6205 32.3883 52.4786 22.0227 54.4518 22.561 38.3275 18.2483 20.5183 26.0768 38.1182
45 47.4236 46.0977 51.6624 53.1507 56.5685 4 5.3852 10.198 0 10 2 79.555 7.2801 21.2132 31.6228 22.3607 33.541 60.4152 32.0156 64.195 25 35 21.1896 29.4109 35.7771 38.2753
35 40.6079 40.3113 45.4863 47.1699 50 10.7703 5.3852 2 10 0 10.198 69.9214 3.6056 15.8114 22.3607 14.1421 30.4138 51.4782 22.0227 54.231 20.6155 36.4005 20.2237 22.0227 27.2029 36.1248
45.0444 46.0977 44.5982 50.2096 51.6624 55.1725 6 6.4031 10.7703 2 10.198 0 79.0759 8.0623 22.6716 32.311 21.5407 31.7648 59.6154 32.1403 64.0703 23.4307 33 23.0868 30.6105 36.7151 36.4005
37.7359 43.6807 49.3356 45.6946 46.5188 42.0595 80.6536 75.2861 70.5195 79.555 69.9214 79.0759 0 73.3757 71.1969 55.7584 57.8705 62.8013 22.561 49.6588 19.8494 62 78.4474 80.6226 64.6375 57.6281 65.9697
38.0526 44.0454 43.566 48.8262 50.4777 53.4135 7.2801 2 3 7.2801 3.6056 8.0623 73.3757 0 15.2643 24.3516 17.6918 32.9848 55.0727 25.02 57.4282 23.4094 37.6563 18 22.6716 28.6531 38.4708
33.541 51.0784 52.2015 56.648 58.5235 60.4152 18.6011 16.4012 13.9284 21.2132 15.8114 22.6716 71.1969 15.2643 0 15.8114 25.4951 45 56.5685 22.0227 52.9245 35 52.2015 9.434 9.2195 17.0294 51.0392
18.0278 42.2966 45 48.2597 50.2494 50.9902 30.5941 26.2488 21.5407 31.6228 22.3607 32.311 55.7584 24.3516 15.8114 0 22.3607 42.72 43.0116 9.2195 37.1618 33.541 54.0833 25.0799 9.2195 6.3246 49.0408
26.9258 26.6271 26.9258 31.7648 33.541 36.0555 24.4131 19.2094 15.6205 22.3607 14.1421 21.5407 57.8705 17.6918 25.4951 22.3607 0 20.6155 38.0789 16.2788 44.2832 11.1803 32.0156 32.6956 27.2947 28.6356 26.9258
42.4264 20.0998 15.8114 21.5407 22.3607 26.9258 37.1618 33.5261 32.3883 33.541 30.4138 31.7648 62.8013 32.9848 45 42.72 20.6155 0 40.3113 35.3553 55.0091 10 15.8114 50.636 47.8539 49.0408 6.3246
26.9258 21.1896 26.9258 23.8537 25 21.2132 62.1772 56.8243 52.4786 60.4152 51.4782 59.6154 22.561 55.0727 56.5685 43.0116 38.0789 40.3113 0 34.7131 21.9317 40.3113 55.9017 65.7951 52.2015 47.0106 43.4166
13.0384 33.1361 36.0555 39.1152 41.1096 41.7732 32.1403 27.0185 22.0227 32.0156 22.0227 32.1403 49.6588 25.02 22.0227 9.2195 16.2788 35.3553 34.7131 0 32.5576 27.0185 48.1664 31.4006 17.8885 15 41.5933
19.6469 39.6232 45.3431 43.9318 45.4533 42.4382 64.6297 59.4138 54.4518 64.195 54.231 64.0703 19.8494 57.4282 52.9245 37.1618 44.2832 55.0091 21.9317 32.5576 0 51.2445 70.6824 62.2415 45.6508 38.2753 59.6825
36.0555 23.3238 21.2132 26.9072 28.2843 32.0156 28.3019 24.1661 22.561 25 20.6155 23.4307 62 23.4094 35 33.541 11.1803 10 40.3113 27.0185 51.2445 0 21.2132 40.7922 38.0789 39.8121 16.1245
57.0088 35.1283 30 35.1283 35.3553 40.3113 39 37.3363 38.3275 35 36.4005 33 78.4474 37.6563 52.2015 54.0833 32.0156 15.8114 55.9017 48.1664 70.6824 21.2132 0 55.4437 57.2713 60.208 13.0384
42.9418 59.0593 59.6154 64.405 66.2118 68.4763 17.4642 18.1108 18.2483 21.1896 20.2237 23.0868 80.6226 18 9.434 25.0799 32.6956 50.636 65.7951 31.4006 62.2415 40.7922 55.4437 0 17.2627 25.318 56.3205
27.0185 50.2195 52.345 56.0892 58.0517 59.203 27.2947 24.2074 20.5183 29.4109 22.0227 30.6105 64.6375 22.6716 9.2195 9.2195 27.2947 47.8539 52.2015 17.8885 45.6508 38.0789 57.2713 17.2627 0 8.0623 54.1295
20.6155 48.0937 51.0392 54.0833 56.0803 56.5685 34.176 30.4138 26.0768 35.7771 27.2029 36.7151 57.6281 28.6531 17.0294 6.3246 28.6356 49.0408 47.0106 15 38.2753 39.8121 60.208 25.318 8.0623 0 55.3624
48.1664 22.3607 17.0294 22.0907 22.3607 27.2947 42.0595 38.833 38.1182 38.2753 36.1248 36.4005 65.9697 38.4708 51.0392 49.0408 26.9258 6.3246 43.4166 41.5933 59.6825 16.1245 13.0384 56.3205 54.1295 55.3624 0
