771.78
32
335 455 10
254 374 10
537 657 10
0 905 10
375 495 10
0 891 10
146 266 10
149 269 10
194 314 10
246 366 10
0 899 10
621 741 10
80 200 10
0 902 10
0 904 10
440 560 10
0 914 10
326 446 10
557 677 10
397 517 10
39 159 10
566 686 10
268 388 10
822 942 10
395 515 10
0 914 10
349 469 10
359 479 10
713 833 10
14 134 10
808 928 10
0 929 10
0 45.1774 40.05 35.0571 45 35 58.5235 57.0088 55.7136 52.2015 52 50.2892 51.0784 51.4782 47.4342 45.0444 38.0526 35.3412 33.541 18.0278 26.9258 39.0512 13.0384 42.9418 7.61577 27.0185 35.4683 32.2025 38.2099 52.4786 14.7648 21.095 20.6155
45.1774 0 5.3852 10.198 4 10.7703 56.7979 59.1692 54.1202 54.9181 50.6063 53.2541 49.7393 45.618 50.8035 2 7.2801 41.0366 18.6011 30.5941 24.4131 25.807 32.1403 17.4642 42.107 27.2947 26.1725 29.8329 37.2156 23 39.0512 49.98 34.176
40.05 5.3852 0 5 5.3852 5.3852 56.648 58.6003 53.8516 54.1202 50.1597 52.3546 49.2443 45.5412 49.7393 5 2 39.0512 16.4012 26.2488 19.2094 25.0799 27.0185 18.1108 37.3363 24.2074 24.6982 25.2389 33.1059 25.4951 34.7851 46.0977 30.4138
35.0571 10.198 5 0 10.198 2 55.0818 56.648 52.2015 52 48.3839 50.1597 47.4342 44.1475 47.4236 10 3 36.0555 13.9284 21.5407 15.6205 23.5372 22.0227 18.2483 32.3883 20.5183 22.4722 22.8473 31.3209 26.9258 30.0832 41.5933 26.0768
45 4 5.3852 10.198 0 10 60.4152 62.6498 57.6975 58.3095 54.1202 56.6039 53.2353 49.2443 54.0833 2 7.2801 43.8634 21.2132 31.6228 22.3607 29.1548 32.0156 21.1896 42.5793 29.4109 29.2062 26.8701 33.8378 27 40.1622 51.4782 35.7771
35 10.7703 5.3852 2 10 0 57.0088 58.5235 54.1202 53.8516 50.2892 52 49.3356 46.0977 49.2443 10.198 3.6056 37.7359 15.8114 22.3607 14.1421 25.4951 22.0227 20.2237 32.7567 22.0227 24.3516 21.0238 29.4109 28.7924 30.8707 42.5441 27.2029
58.5235 56.7979 56.648 55.0818 60.4152 57.0088 0 5 3 7.0711 7 8.6023 8 11.1803 11.1803 58.6003 55.9732 23.5372 41.2311 45.2769 65.192 31.6228 54.4518 39.3573 50.9215 38.0132 32.7567 74.2428 83.2166 37.5366 43.9659 40.4969 39.6232
57.0088 59.1692 58.6003 56.648 62.6498 58.5235 5 0 5.831 5 8.6023 7 9.434 14.1421 10 60.9016 57.7754 23 42.72 45 65.7647 33.541 54.037 41.8808 49.4773 38.4708 34.176 74.8131 83.7257 41.0366 42.7551 38.0132 39.0512
55.7136 54.1202 53.8516 52.2015 57.6975 54.1202 3 5.831 0 5.3852 4 6.4031 5 8.6023 8.6023 55.9017 53.1413 20.6155 38.3275 42.2966 62.2013 28.7924 51.4782 36.7151 48.1041 35.0143 29.8329 71.2531 80.2247 35.3553 41.1096 38.0132 36.6742
52.2015 54.9181 54.1202 52 58.3095 53.8516 7.0711 5 5.3852 0 5.3852 2 5.831 11.1803 5 56.6039 53.2259 18 38.0789 40 60.8276 29.1548 49.0408 37.8021 44.643 33.541 29.5466 69.8713 78.7718 37.8021 37.855 33.6155 34.0588
52 50.6063 50.1597 48.3839 54.1202 50.2892 7 8.6023 4 5.3852 0 5 1 5.831 5.831 52.3546 49.3964 16.7631 34.4819 38.3275 58.2151 25.0799 47.5184 33.2866 44.3847 31.0161 25.9615 67.2681 76.2365 32.6497 37.3363 34.8281 32.7567
50.2892 53.2541 52.3546 50.1597 56.6039 52 8.6023 7 6.4031 2 5 0 5.099 10.4403 3 54.9181 51.4296 16 36.2491 38 58.8558 27.4591 47.0425 36.2353 42.72 31.5753 27.7308 67.897 76.7919 36.6197 35.9026 31.9061 32.0624
51.0784 49.7393 49.2443 47.4342 53.2353 49.3356 8 9.434 5 5.831 1 5.099 0 5.3852 5.3852 51.4782 48.4665 15.8114 33.5261 37.3363 57.2189 24.1661 46.5296 32.45 43.4626 30.0167 25 66.2722 75.2396 32.0156 36.4005 34.0588 31.7805
51.4782 45.618 45.5412 44.1475 49.2443 46.0977 11.1803 14.1421 8.6023 11.1803 5.831 10.4403 5.3852 0 10 47.4236 44.9222 16.4012 30.4138 36.4005 55 20.6155 45.607 28.178 43.909 28.2843 22.0907 64.0078 73.0068 26.9072 36.7151 36.1248 31.3847
47.4342 50.8035 49.7393 47.4236 54.0833 49.2443 11.1803 10 8.6023 5 5.831 3 5.3852 10 0 52.4309 48.7647 13 33.541 35 55.9017 25 44.0454 33.9706 39.8497 28.6356 25.0599 64.9384 73.8241 34.9857 32.9848 29.4109 29.0689
45.0444 2 5 10 2 10.198 58.6003 60.9016 55.9017 56.6039 52.3546 54.9181 51.4782 47.4236 52.4309 0 7 42.4264 19.8494 31.0483 23.3238 27.4591 32.0156 19.3132 42.2966 28.3019 27.6586 28.3196 35.5106 25 39.5601 50.6952 34.9285
38.0526 7.2801 2 3 7.2801 3.6056 55.9732 57.7754 53.1413 53.2259 49.3964 51.4296 48.4665 44.9222 48.7647 7 0 37.8021 15.2643 24.3516 17.6918 24.3516 25.02 18 35.3553 22.6716 23.7065 24.1868 32.311 25.9615 32.8938 44.2832 28.6531
35.3412 41.0366 39.0512 36.0555 43.8634 37.7359 23.5372 23 20.6155 18 16.7631 16 15.8114 16.4012 13 42.4264 37.8021 0 22.6716 22 43.1741 16.5529 31.0644 25.9422 27.7308 16.1555 15 52.1728 61 30.4138 20.6155 20.2485 16.1245
33.541 18.6011 16.4012 13.9284 21.2132 15.8114 41.2311 42.72 38.3275 38.0789 34.4819 36.2491 33.5261 30.4138 33.541 19.8494 15.2643 22.6716 0 15.8114 25.4951 10 22.0227 9.434 28.1603 9.2195 8.544 34.2345 43.1856 19.2094 23.0868 32.5576 17.0294
18.0278 30.5941 26.2488 21.5407 31.6228 22.3607 45.2769 45 42.2966 40 38.3275 38 37.3363 36.4005 35 31.0483 24.3516 22 15.8114 0 22.3607 21.2132 9.2195 25.0799 12.3693 9.2195 17.6918 31.0161 39.5601 34.4819 8.544 20.2485 6.3246
26.9258 24.4131 19.2094 15.6205 22.3607 14.1421 65.192 65.7647 62.2013 60.8276 58.2151 58.8558 57.2189 55 55.9017 23.3238 17.6918 43.1741 25.4951 22.3607 0 35.3553 16.2788 32.6956 27.8029 27.2947 33.0606 9.0554 18.0278 42.0595 29.2062 41.1096 28.6356
39.0512 25.807 25.0799 23.5372 29.1548 25.4951 31.6228 33.541 28.7924 29.1548 25.0799 27.4591 24.1661 20.6155 25 27.4591 24.3516 16.5529 10 21.2132 35.3553 0 29.4109 9.434 32.45 12.0416 3.6056 44.1814 53.1507 15.1327 25.9422 32.249 19.2354
13.0384 32.1403 27.0185 22.0227 32.0156 22.0227 54.4518 54.037 51.4782 49.0408 47.5184 47.0425 46.5296 45.607 44.0454 32.0156 25.02 31.0644 22.0227 9.2195 16.2788 29.4109 0 31.4006 11.6619 17.8885 26.0768 23.8537 31.7805 41.2311 13.4164 25 15
42.9418 17.4642 18.1108 18.2483 21.1896 20.2237 39.3573 41.8808 36.7151 37.8021 33.2866 36.2353 32.45 28.178 33.9706 19.3132 18 25.9422 9.434 25.0799 32.6956 9.434 31.4006 0 37.3363 17.2627 11.4018 40.8044 49.4773 9.8995 31.7805 40.0125 25.318
7.6158 42.107 37.3363 32.3883 42.5793 32.7567 50.9215 49.4773 48.1041 44.643 44.3847 42.72 43.4626 43.909 39.8497 42.2966 35.3553 27.7308 28.1603 12.3693 27.8029 32.45 11.6619 37.3363 0 20.5913 28.8444 34.7131 41.8808 46.5188 7.2111 14.8661 13.4536
27.0185 27.2947 24.2074 20.5183 29.4109 22.0227 38.0132 38.4708 35.0143 33.541 31.0161 31.5753 30.0167 28.2843 28.6356 28.3019 22.6716 16.1555 9.2195 9.2195 27.2947 12.0416 17.8885 17.2627 20.5913 0 8.4853 36.3456 45.2769 26 14.5602 23.3452 8.0623
35.4683 26.1725 24.6982 22.4722 29.2062 24.3516 32.7567 34.176 29.8329 29.5466 25.9615 27.7308 25 22.0907 25.0599 27.6586 23.7065 15 8.544 17.6918 33.0606 3.6056 26.0768 11.4018 28.8444 8.4853 0 42.0119 51.0098 18.4391 22.3607 29.0689 15.6525
32.2025 29.8329 25.2389 22.8473 26.8701 21.0238 74.2428 74.8131 71.2531 69.8713 67.2681 67.897 66.2722 64.0078 64.9384 28.3196 24.1868 52.1728 34.2345 31.0161 9.0554 44.1814 23.8537 40.8044 34.7131 36.3456 42.0119 0 9 49.7695 37.2156 48.8262 37.3363
38.2099 37.2156 33.1059 31.3209 33.8378 29.4109 83.2166 83.7257 80.2247 78.7718 76.2365 76.7919 75.2396 73.0068 73.8241 35.5106 32.311 61 43.1856 39.5601 18.0278 53.1507 31.7805 49.4773 41.8808 45.2769 51.0098 9 0 58.1893 45.1885 56.4358 45.8803
52.4786 23 25.4951 26.9258 27 28.7924 37.5366 41.0366 35.3553 37.8021 32.6497 36.6197 32.0156 26.9072 34.9857 25 25.9615 30.4138 19.2094 34.4819 42.0595 15.1327 41.2311 9.8995 46.5188 26 18.4391 49.7695 58.1893 0 40.4969 47.3814 33.8378
14.7648 39.0512 34.7851 30.0832 40.1622 30.8707 43.9659 42.7551 41.1096 37.855 37.3363 35.9026 36.4005 36.7151 32.9848 39.5601 32.8938 20.6155 23.0868 8.544 29.2062 25.9422 13.4164 31.7805 7.2111 14.5602 22.3607 37.2156 45.1885 40.4969 0 12.0416 6.7082
21.095 49.98 46.0977 41.5933 51.4782 42.5441 40.4969 38.0132 38.0132 33.6155 34.8281 31.9061 34.0588 36.1248 29.4109 50.6952 44.2832 20.2485 32.5576 20.2485 41.1096 32.249 25 40.0125 14.8661 23.3452 29.0689 48.8262 56.4358 47.3814 12.0416 0 15.8114
20.6155 34.176 30.4138 26.0768 35.7771 27.2029 39.6232 39.0512 36.6742 34.0588 32.7567 32.0624 31.7805 31.3847 29.0689 34.9285 28.6531 16.1245 17.0294 6.3246 28.6356 19.2354 15 25.318 13.4536 8.0623 15.6525 37.3363 45.8803 33.8378 6.7082 15.8114 0
