711.54
25
371 491 10
519 639 10
653 773 10
703 823 10
278 398 10
217 337 10
599 719 10
258 378 10
167 287 10
191 311 10
612 732 10
241 361 10
60 180 10
645 765 10
822 942 10
355 475 10
349 469 10
359 479 10
359 479 10
719 839 10
14 134 10
808 928 10
100 220 10
547 667 10
308 428 10
0 33.541 31.6228 38.0789 40.3113 37.2022 35.3412 14.1421 15.8114 29.1548 20.6155 10 25.4951 27.4591 36.0555 7.61577 12.0416 32.2025 38.2099 4.24264 12.0416 14.7648 21.095 20.6155 48.1664 20.5183
33.541 0 5 5 14.1421 68.7677 65.0692 32.0156 46.0977 55 35.3553 39.0512 58.5235 60.9016 18.0278 38.8973 45.2769 15.5563 11.1803 29.5466 39.6232 43.7379 53.7587 46.0435 18.0278 16
31.6228 5 0 7.0711 11.1803 65.6049 61.5549 28.2843 43.0116 55.2268 36.4005 36.0555 57.0088 58.6003 22.3607 37.6563 42.9535 19.4165 16.1245 27.8927 39.0512 43.1045 52.3927 46.0977 22.8035 16.7631
38.0789 5 7.0711 0 11.1803 72.6223 68.6222 35.3553 50 60 40.3113 43.0116 63.2456 65.2993 21.2132 43.6807 49.6488 19.4165 13.0384 34.176 44.5533 48.6621 58.5235 51.0392 17.0294 21
40.3113 14.1421 11.1803 11.1803 0 71.1969 66.2873 33.541 49.2443 65.7647 47.4342 42.72 65.7647 66.0984 32.0156 47.0425 50.6952 29.6985 24.1868 37.054 49.0918 53.0377 61.4003 56.5685 27.2947 27.8568
37.2022 68.7677 65.6049 72.6223 71.1969 0 7.2801 37.7359 22.6716 45.0999 52.811 29.7321 25.1794 15.0333 73.2393 36.2491 25.5539 69.4046 75.0733 41.4005 40.1622 38.0789 28.0179 43.4166 84.8999 57.6281
35.3412 65.0692 61.5549 68.6222 66.2873 7.2801 0 33.3017 19.7231 48.0521 52.9528 26.6271 28.7924 18.7883 71.1969 35.9026 24.7386 67.2309 72.2011 39.3573 40.4475 39.0512 30.5941 45.0111 81.8352 55.2268
14.1421 32.0156 28.2843 35.3553 33.541 37.7359 33.3017 0 15.8114 43.0116 33.541 10 35.3553 33.3766 41.2311 21.4009 19.105 37.108 40.2492 14.7648 26.1725 28.6007 32.0156 34.7131 49.3964 25.318
15.8114 46.0977 43.0116 50 49.2443 22.6716 19.7231 15.8114 0 36.0555 35 7.0711 22.3607 18 51.4782 18.1108 8.0623 47.5079 52.6308 19.6977 23.3452 23.4094 20.6155 30.0832 62.3699 35.5106
29.1548 55 55.2268 60 65.7647 45.0999 48.0521 43.0116 36.0555 0 20.6155 35.3553 20 30.0666 47.4342 21.6333 28.0179 45.3542 54.1295 30.4631 17.4642 14.4222 17.4642 9.2195 63.3246 39
20.6155 35.3553 36.4005 40.3113 47.4342 52.811 52.9528 33.541 35 20.6155 0 30.4138 32.0156 39.3573 26.9258 17.1172 28.2843 24.7386 33.541 18.7883 12.6491 15.2643 27.2029 13.0384 42.72 19.6469
10 39.0512 36.0555 43.0116 42.72 29.7321 26.6271 10 7.0711 35.3553 30.4138 0 25.4951 23.5372 44.7214 14.7648 9.2195 40.7063 45.607 13.3417 20.1246 21.4009 22.4722 28.0179 55.3173 28.6531
25.4951 58.5235 57.0088 63.2456 65.7647 25.1794 28.7924 35.3553 22.3607 20 32.0156 25.4951 0 10.198 57.0088 19.6977 16.2788 53.8238 61.4003 29.1204 20.6155 16.9706 5 20.1246 71.3442 43.8292
27.4591 60.9016 58.6003 65.2993 66.0984 15.0333 18.7883 33.3766 18 30.0666 39.3573 23.5372 10.198 0 62.2415 24.0832 15.6525 58.6941 65.437 31.6228 26.9258 24.1661 13.1529 28.8617 75.4321 47.634
36.0555 18.0278 22.3607 21.2132 32.0156 73.2393 71.1969 41.2311 51.4782 47.4342 26.9258 44.7214 57.0088 62.2415 0 38.1838 47.8017 4.1231 8.9443 31.9061 36.4005 40.2244 52.0096 39.8121 16.1245 16.1555
7.6158 38.8973 37.6563 43.6807 47.0425 36.2491 35.9026 21.4009 18.1108 21.6333 17.1172 14.7648 19.6977 24.0832 38.1838 0 11.1803 34.7131 41.8808 10 5.3852 7.2111 14.8661 13.4536 51.8652 24.1868
12.0416 45.2769 42.9535 49.6488 50.6952 25.5539 24.7386 19.105 8.0623 28.0179 28.2843 9.2195 16.2788 15.6525 47.8017 11.1803 0 44.0454 50.2494 16.2788 16 15.5242 13.4164 22.1359 60.208 32.5269
32.2025 15.5563 19.4165 19.4165 29.6985 69.4046 67.2309 37.108 47.5079 45.3542 24.7386 40.7063 53.8238 58.6941 4.1231 34.7131 44.0454 0 9 28.0179 33.2866 37.2156 48.8262 37.3363 18.0278 12.083
38.2099 11.1803 16.1245 13.0384 24.1868 75.0733 72.2011 40.2492 52.6308 54.1295 33.541 45.607 61.4003 65.437 8.9443 41.8808 50.2494 9 0 33.9706 41.1461 45.1885 56.4358 45.8803 10 17.8045
4.2426 29.5466 27.8927 34.176 37.054 41.4005 39.3573 14.7648 19.6977 30.4631 18.7883 13.3417 29.1204 31.6228 31.9061 10 16.2788 28.0179 33.9706 0 13 16.4924 24.5153 21.4709 43.9318 16.2788
12.0416 39.6232 39.0512 44.5533 49.0918 40.1622 40.4475 26.1725 23.3452 17.4642 12.6491 20.1246 20.6155 26.9258 36.4005 5.3852 16 33.2866 41.1461 13 0 4.1231 15.6205 8.6023 51 24.0416
14.7648 43.7379 43.1045 48.6621 53.0377 38.0789 39.0512 28.6007 23.4094 14.4222 15.2643 21.4009 16.9706 24.1661 40.2244 7.2111 15.5242 37.2156 45.1885 16.4924 4.1231 0 12.0416 6.7082 55.0091 28.1603
21.095 53.7587 52.3927 58.5235 61.4003 28.0179 30.5941 32.0156 20.6155 17.4642 27.2029 22.4722 5 13.1529 52.0096 14.8661 13.4164 48.8262 56.4358 24.5153 15.6205 12.0416 0 15.8114 66.3702 38.9102
20.6155 46.0435 46.0977 51.0392 56.5685 43.4166 45.0111 34.7131 30.0832 9.2195 13.0384 28.0179 20.1246 28.8617 39.8121 13.4536 22.1359 37.3363 45.8803 21.4709 8.6023 6.7082 15.8114 0 55.3624 30.0666
48.1664 18.0278 22.8035 17.0294 27.2947 84.8999 81.8352 49.3964 62.3699 63.3246 42.72 55.3173 71.3442 75.4321 16.1245 51.8652 60.208 18.0278 10 43.9318 51 55.0091 66.3702 55.3624 0 27.8029
20.5183 16 16.7631 21 27.8568 57.6281 55.2268 25.318 35.5106 39 19.6469 28.6531 43.8292 47.634 16.1555 24.1868 32.5269 12.083 17.8045 16.2788 24.0416 28.1603 38.9102 30.0666 27.8029 0
