878.64
45
0 911 10
0 919 10
0 910 10
0 909 10
0 916 10
0 914 10
367 487 10
653 773 10
0 914 10
0 908 10
0 909 10
0 914 10
0 915 10
784 904 10
0 905 10
0 906 10
0 909 10
278 398 10
0 913 10
0 909 10
0 919 10
0 916 10
0 911 10
217 337 10
0 912 10
0 912 10
0 911 10
0 931 10
782 902 10
0 923 10
0 934 10
0 940 10
157 277 10
0 930 10
0 910 10
645 765 10
764 884 10
0 917 10
352 472 10
0 942 10
0 937 10
0 937 10
14 134 10
0 934 10
810 930 10
0 38.0789 30.8058 39.3573 40.3113 33.3017 35.3553 39.0512 38.0789 35.3553 41.2311 40.3113 35.0571 35 45.2769 44.2041 43.0116 40.6079 37.2022 36.0555 40.3113 30.8058 33.541 38.0789 35.3412 37.7359 37.2022 38.3275 18.0278 47.1699 26.9258 15.8114 10 9.21954 19.6469 39.2938 36.0555 49.98 32.5576 38.4708 7.61577 12.0416 12.0416 14.7648 15.5242 19.2354
38.0789 0 10.4403 3 5 12.2066 14.1421 11.1803 53.8516 44.7214 51.4782 47.1699 72.0347 71.5891 80.6226 42 40 40.1123 37.3363 35.3553 35 34.4819 30.4138 30 30.1496 5.831 8.6023 46.1411 39.0512 75.6637 26.9258 28.2843 29.1548 33.541 18.868 33.9706 65.192 82.0244 33.6155 25.4951 43.909 36.1248 49.2443 50.4777 43.1393 18.9737
30.8058 10.4403 0 10 10.198 4 7 8.6023 43.4626 34.4819 41.3401 37.2022 63.2456 62.6418 71.1969 46.0977 44.1475 43.566 40.3113 38.3275 39.2938 36 33.3766 34.4819 33.7343 7.2801 6.4031 36.0555 36.2491 65.3758 16.5529 25.0799 23.4307 24.6982 14.3178 25 55.0364 72.0069 23.6008 17.4642 37.5366 31.9061 42.638 44.5533 39.1152 12.0416
39.3573 3 10 0 2 10.7703 12.2066 8.6023 52.811 43.4626 50.0899 45.6508 72.8011 72.2772 81.0494 45 43 43.1045 40.3113 38.3275 38 37.3631 33.3766 33 33.1361 3.6056 6.4031 44.7214 41.4005 75.326 25.9615 30.4795 30.8058 34.2053 20.6155 32.0156 65.0308 82.0061 32.2025 23.3452 45.4863 38.1838 50.774 52.2015 45.2769 20.1246
40.3113 5 10.198 2 0 10.198 11.1803 7.0711 52.2015 42.72 49.2443 44.7214 73.3757 72.8011 81.3941 47 45 45.0999 42.2966 40.3113 40 39.2938 35.3553 35 35.1283 3 5.3852 43.8634 43.0116 75.1665 25.4951 32.0156 32.0156 34.7851 21.9317 30.8058 65 82.0549 31.3847 22.0227 46.6154 39.6232 51.8652 53.4135 46.7547 21.095
33.3017 12.2066 4 10.7703 10.198 0 3 5.831 42.0595 32.6956 39.3573 34.9857 64.622 63.9062 72.0347 50.01 48.0521 47.5184 44.2832 42.2966 43.1741 40 37.3363 38.3275 37.6563 7.2801 5 34 39.9249 65.0692 15.2971 28.7924 26.6271 26.4197 18.0278 21.9317 55.0364 72.1734 21.4709 13.8924 40.3113 35.3553 45.2769 47.4236 42.5441 15.2643
35.3553 14.1421 7 12.2066 11.1803 3 0 5 41.2311 31.6228 38.0789 33.541 65.7951 65 72.8011 52.9528 50.9902 50.4876 47.2652 45.2769 46.0977 43 40.3113 41.2311 40.6079 8.6023 5.831 32.6956 42.72 65 15 31.6228 29.1548 28.0179 20.8806 19.8494 55.2268 72.4431 20.2485 11.4018 42.5206 38.0132 47.3814 49.679 45.1774 17.8885
39.0512 11.1803 8.6023 8.6023 7.0711 5.831 5 0 46.0977 36.4005 42.72 38.0789 70.3847 69.6419 77.6209 52.2398 50.2494 50.04 47 45 45.2769 43.2897 40 40.3113 40.05 5.3852 3 37.3363 44.7214 70 20 33.541 32.0156 32.249 22.8254 23.8537 60.208 77.4145 25 15 45.9674 40.4969 50.9902 53.0377 47.7074 20.6155
38.0789 53.8516 43.4626 52.811 52.2015 42.0595 41.2311 46.0977 0 10 7.0711 11.1803 42.0595 40.3113 42.4264 79.6492 78.1025 76.2168 72.6223 71.0634 74.3303 66.4003 67.2681 70.7107 68.6222 49.3356 46.8402 10.4403 55.9017 26.9258 26.9258 50 43.0116 31.0644 45.3431 25.1794 21.2132 36.7151 21.2132 33.0151 43.6807 49.6488 44.5533 48.6621 53.4883 41.2311
35.3553 44.7214 34.4819 43.4626 42.72 32.6956 31.6228 36.4005 10 0 7.0711 5 47.634 46.0977 50 73.7835 72.111 70.4911 66.888 65.192 68.0074 60.9016 61.0328 64.0312 62.2013 39.9249 37.3363 3 52.2015 36.4005 18.0278 44.7214 38.0789 26.9258 38.4187 15.2971 29.1548 45.6946 11.4018 23.0217 42.0476 45.8803 44.1022 48.0416 50.8035 34.0588
41.2311 51.4782 41.3401 50.0899 49.2443 39.3573 38.0789 42.72 7.0711 7.0711 0 5 48.8774 47.1699 49.4975 80.7094 79.0569 77.3886 73.7835 72.111 75 67.7422 68.0074 71.0634 69.2026 46.5188 43.8634 5.3852 58.5235 33.541 25 51.4782 44.7214 33.2415 45.4533 20.0998 28.2843 43.566 17.8885 28.6356 47.5184 52.2015 49.0408 53.0848 56.7539 41.1096
40.3113 47.1699 37.2022 45.6508 44.7214 34.9857 33.541 38.0789 11.1803 5 5 0 51.614 50 53.1507 78.032 76.3217 74.793 71.1969 69.4622 72.111 65.2993 65.192 68.0074 66.2873 42.0595 39.3573 2 57.0088 38.0789 21.2132 49.2443 42.72 31.7805 42.4382 15.1327 32.0156 47.8853 13.6015 23.7697 47.0425 50.6952 49.0918 53.0377 55.7315 38.0132
35.0571 72.0347 63.2456 72.8011 73.3757 64.622 65.7951 70.3847 42.0595 47.634 48.8774 51.614 0 2 12.2066 74.3303 73.6817 70.8378 68.0074 67.4463 72.2772 62.0967 66.2873 71.1969 68.2495 70.5195 69.2892 50 46.8402 27.4591 52.4786 50.0899 45.0444 38.6005 54.4518 60.208 22.561 22.4722 53.2635 64.0703 32.3883 43.566 27.8927 30.0832 41.1096 53.1507
35 71.5891 62.6418 72.2772 72.8011 63.9062 65 69.6419 40.3113 46.0977 47.1699 50 2 0 11.1803 75.0267 74.3303 71.5122 68.6222 68.0074 72.8011 62.6418 66.7083 71.5891 68.6586 69.9214 68.6222 48.4149 47.4342 25.4951 51.4782 50.2494 45 38.0789 54.231 58.8982 20.6155 20.8087 52.0096 62.9682 32.7567 43.9318 28.4605 30.8707 41.7852 52.7731
45.2769 80.6226 71.1969 81.0494 81.3941 72.0347 72.8011 77.6209 42.4264 50 49.4975 53.1507 12.2066 11.1803 0 86.1626 85.44 82.6378 79.712 79.0569 83.8153 73.6817 77.6209 82.4621 79.555 78.4474 76.9025 51.8556 58.5235 20.6155 58.5235 60.8276 55.2268 47.1699 64 64.1405 21.2132 12.1655 57.7062 69.3542 43.6807 54.8179 39.5601 42.0476 52.9245 62.1289
44.2041 42 46.0977 45 47 50.01 52.9528 52.2398 79.6492 73.7835 80.7094 78.032 74.3303 75.0267 86.1626 0 2 3.6056 7.0711 8.6023 7 13.4536 13 12 12.3693 47.0956 49.2544 76.3217 27.7308 91.263 57.6975 29.7321 36.7967 48.8365 35.7771 69.6419 80.2122 93.059 65.7419 63.3246 42.9418 32.45 46.6154 44.2719 33.2415 40.2492
43.0116 40 44.1475 43 45 48.0521 50.9902 50.2494 78.1025 72.111 79.0569 76.3217 73.6817 74.3303 85.44 2 0 3 5.831 7.0711 5 12.2066 11.1803 10 10.4403 45.0999 47.2652 74.6257 26.9258 90.139 55.9017 28.2843 35.3553 47.3814 34 67.7791 79.0569 92.13 63.9531 61.4003 42.0476 31.3847 45.8803 43.6807 32.573 38.4708
40.6079 40.1123 43.566 43.1045 45.0999 47.5184 50.4876 50.04 76.2168 70.4911 77.3886 74.793 70.8378 71.5122 82.6378 3.6056 3 0 3.6056 5.3852 5.831 9.8995 10.198 10.4403 10 45 47.0425 73.0616 24.1661 87.6584 54.626 26.2488 33.3017 45.3431 32.6956 66.7308 76.6094 89.4707 62.6498 60.6383 39.3573 28.8444 43.0813 40.8044 29.7321 37.1618
37.2022 37.3363 40.3113 40.3113 42.2966 44.2832 47.2652 47 72.6223 66.888 73.7835 71.1969 68.0074 68.6222 79.712 7.0711 5.831 3.6056 0 2 5.3852 6.4031 7 8.6023 7.2801 42.0476 44 69.4622 21.1896 84.3149 51.0784 22.6716 29.7321 41.7732 29.1548 63.2456 73.2393 86.3134 59.0931 57.2713 36.2491 25.5539 40.1622 38.0789 26.9258 33.6155
36.0555 35.3553 38.3275 38.3275 40.3113 42.2966 45.2769 45 71.0634 65.192 72.111 69.4622 67.4463 68.0074 79.0569 8.6023 7.0711 5.3852 2 0 5 5.3852 5 7.0711 5.3852 40.05 42 67.7422 20.6155 83.2166 49.2443 21.2132 28.2843 40.3113 27.313 61.3514 72.111 85.4283 57.2713 55.3173 35.4683 24.5967 39.5601 37.6563 26.4764 31.7805
40.3113 35 39.2938 38 40 43.1741 46.0977 45.2769 74.3303 68.0074 75 72.111 72.2772 72.8011 83.8153 7 5 5.831 5.3852 5 0 10.198 7.0711 5 5.831 40.1123 42.2966 70.4557 25.4951 87.4643 51.4782 25 32.0156 43.9318 29.6816 63.1585 76.3217 89.9611 59.5399 56.6127 40.1622 29.1548 44.3847 42.5793 31.4006 34.1321
30.8058 34.4819 36 37.3631 39.2938 40 43 43.2897 66.4003 60.9016 67.7422 65.2993 62.0967 62.6418 73.6817 13.4536 12.2066 9.8995 6.4031 5.3852 10.198 0 5.831 10.4403 7.6158 38.6394 40.3113 63.5295 15.2971 77.9359 45.5412 16.4012 23.4307 35.4683 23.7697 57.9741 66.8506 80.0562 53.4883 52.469 30.0832 19.2354 34.2053 32.3883 21.2132 28.1603
33.541 30.4138 33.3766 33.3766 35.3553 37.3363 40.3113 40 67.2681 61.0328 68.0074 65.192 66.2873 66.7083 77.6209 13 11.1803 10.198 7 5 7.0711 5.831 0 5 2 35.0571 37 63.5138 20 80.6226 44.7214 18.0278 25 36.8782 22.8254 56.648 69.4622 83.3847 52.7731 50.448 33.9559 22.8035 38.4708 37.054 26 27.2947
38.0789 30 34.4819 33 35 38.3275 41.2311 40.3113 70.7107 64.0312 71.0634 68.0074 71.1969 71.5891 82.4621 12 10 10.4403 8.6023 7.0711 5 10.4403 5 0 3 35.1283 37.3363 66.4003 25 85 47.1699 22.3607 29.1548 40.8044 25.6125 58.6003 73.8241 88.0227 55.2268 51.8652 38.833 27.6586 43.4166 42.0476 31 30
35.3412 30.1496 33.7343 33.1361 35.1283 37.6563 40.6079 40.05 68.6222 62.2013 69.2026 66.2873 68.2495 68.6586 79.555 12.3693 10.4403 10 7.2801 5.3852 5.831 7.6158 2 3 0 35 37.054 64.6375 22 82.365 45.6508 19.7231 26.6271 38.4187 23.8537 57.3847 71.1969 85.235 53.7122 50.9608 35.9026 24.7386 40.4475 39.0512 28 28.3019
37.7359 5.831 7.2801 3.6056 3 7.2801 8.6023 5.3852 49.3356 39.9249 46.5188 42.0595 70.5195 69.9214 78.4474 47.0956 45.0999 45 42.0476 40.05 40.1123 38.6394 35.0571 35.1283 35 0 2.8284 41.1461 41.3401 72.1734 22.561 30.2324 29.7321 31.9531 19.8494 28.4253 62 79.0569 28.6356 19.799 44.2041 37.6431 49.4065 51.0882 44.8219 18.6011
37.2022 8.6023 6.4031 6.4031 5.3852 5 5.831 3 46.8402 37.3363 43.8634 39.3573 69.2892 68.6222 76.9025 49.2544 47.2652 47.0425 44 42 42.2966 40.3113 37 37.3363 37.054 2.8284 0 38.4838 42.0595 70.0643 20.2237 30.8869 29.7321 30.8707 20.2485 25.6125 60.0333 77.1622 26 16.9706 43.9318 38.0132 49.0408 50.9313 45.2217 18.3848
38.3275 46.1411 36.0555 44.7214 43.8634 34 32.6956 37.3363 10.4403 3 5.3852 2 50 48.4149 51.8556 76.3217 74.6257 73.0616 69.4622 67.7422 70.4557 63.5295 63.5138 66.4003 64.6375 41.1461 38.4838 0 55.0818 37.3363 19.8494 47.4236 40.8534 29.8329 40.8044 15 30.8058 46.9574 12.53 23.3452 45.0444 48.7647 47.0956 51.0392 53.7587 36.4005
18.0278 39.0512 36.2491 41.4005 43.0116 39.9249 42.72 44.7214 55.9017 52.2015 58.5235 57.0088 46.8402 47.4342 58.5235 27.7308 26.9258 24.1661 21.1896 20.6155 25.4951 15.2971 20 25 22 41.3401 42.0595 55.0818 0 64.0312 40 11.1803 15 25.2982 21.9317 53 53.1507 65.3682 47.1699 49.6488 15.2643 6.3246 18.9737 17.1172 6 25
47.1699 75.6637 65.3758 75.326 75.1665 65.0692 65 70 26.9258 36.4005 33.541 38.0789 27.4591 25.4951 20.6155 91.263 90.139 87.6584 84.3149 83.2166 87.4643 77.9359 80.6226 85 82.365 72.1734 70.0643 37.3363 64.0312 0 50 62.6498 55.9017 44.9444 62.2977 51.6624 11.1803 10.6301 46.5296 58.6941 48.9183 58.8218 46.6905 50.3289 59.4643 59.203
26.9258 26.9258 16.5529 25.9615 25.4951 15.2971 15 20 26.9258 18.0278 25 21.2132 52.4786 51.4782 58.5235 57.6975 55.9017 54.626 51.0784 49.2443 51.4782 45.5412 44.7214 47.1699 45.6508 22.561 20.2237 19.8494 40 50 0 30.4138 25 17.8885 21.9317 13 40.3113 57.5587 8.0623 12.0416 34.5398 34.0588 38.4708 41.6293 40.4475 17.4642
15.8114 28.2843 25.0799 30.4795 32.0156 28.7924 31.6228 33.541 50 44.7214 51.4782 49.2443 50.0899 50.2494 60.8276 29.7321 28.2843 26.2488 22.6716 21.2132 25 16.4012 18.0278 22.3607 19.7231 30.2324 30.8869 47.4236 11.1803 62.6498 30.4138 0 7.0711 19.105 10.7703 43.2897 51.4782 65.7875 38.0789 39.1152 18.1108 8.0623 23.3452 23.4094 14.8661 14.1421
10 29.1548 23.4307 30.8058 32.0156 26.6271 29.1548 32.0156 43.0116 38.0789 44.7214 42.72 45.0444 45 55.2268 36.7967 35.3553 33.3017 29.7321 28.2843 32.0156 23.4307 25 29.1548 26.6271 29.7321 29.7321 40.8534 15 55.9017 25 7.0711 0 12.0416 10.2956 38 44.7214 59.4811 32.249 34.9285 14.7648 9.2195 20.1246 21.4009 16.1555 11.4018
9.2195 33.541 24.6982 34.2053 34.7851 26.4197 28.0179 32.249 31.0644 26.9258 33.2415 31.7805 38.6005 38.0789 47.1699 48.8365 47.3814 45.3431 41.7732 40.3113 43.9318 35.4683 36.8782 40.8044 38.4187 31.9531 30.8707 29.8329 25.2982 44.9444 17.8885 19.105 12.0416 0 17.4642 30.0832 33.8378 49.6488 23.3452 29.6816 16.7631 18.9737 20.5913 23.7697 24.0832 15
19.6469 18.868 14.3178 20.6155 21.9317 18.0278 20.8806 22.8254 45.3431 38.4187 45.4533 42.4382 54.4518 54.231 64 35.7771 34 32.6956 29.1548 27.313 29.6816 23.7697 22.8254 25.6125 23.8537 19.8494 20.2485 40.8044 21.9317 62.2977 21.9317 10.7703 10.2956 17.4642 0 34.2053 51.2445 67.082 29.9666 29.0172 25.0599 17.8045 30.4138 31.6228 25 4.4721
39.2938 33.9706 25 32.0156 30.8058 21.9317 19.8494 23.8537 25.1794 15.2971 20.0998 15.1327 60.208 58.8982 64.1405 69.6419 67.7791 66.7308 63.2456 61.3514 63.1585 57.9741 56.648 58.6003 57.3847 28.4253 25.6125 15 53 51.6624 13 43.2897 38 30.0832 34.2053 0 43.8634 60.7454 7.2111 8.9443 46.8402 47.0425 50.3289 53.7587 53.3385 29.8329
36.0555 65.192 55.0364 65.0308 65 55.0364 55.2268 60.208 21.2132 29.1548 28.2843 32.0156 22.561 20.6155 21.2132 80.2122 79.0569 76.6094 73.2393 72.111 76.3217 66.8506 69.4622 73.8241 71.1969 62 60.0333 30.8058 53.1507 11.1803 40.3113 51.4782 44.7214 33.8378 51.2445 43.8634 0 17.2627 37.9473 50 38.1838 47.8017 36.4005 40.2244 48.7955 48.2701
49.98 82.0244 72.0069 82.0061 82.0549 72.1734 72.4431 77.4145 36.7151 45.6946 43.566 47.8853 22.4722 20.8087 12.1655 93.059 92.13 89.4707 86.3134 85.4283 89.9611 80.0562 83.3847 88.0227 85.235 79.0569 77.1622 46.9574 65.3682 10.6301 57.5587 65.7875 59.4811 49.6488 67.082 60.7454 17.2627 0 55.0818 67.1863 50.1199 60.8358 46.8722 50 60.208 64.4981
32.5576 33.6155 23.6008 32.2025 31.3847 21.4709 20.2485 25 21.2132 11.4018 17.8885 13.6015 53.2635 52.0096 57.7062 65.7419 63.9531 62.6498 59.0931 57.2713 59.5399 53.4883 52.7731 55.2268 53.7122 28.6356 26 12.53 47.1699 46.5296 8.0623 38.0789 32.249 23.3452 29.9666 7.2111 37.9473 55.0818 0 12.1655 40.025 41.0488 43.3244 46.8402 47.0425 25.4951
38.4708 25.4951 17.4642 23.3452 22.0227 13.8924 11.4018 15 33.0151 23.0217 28.6356 23.7697 64.0703 62.9682 69.3542 63.3246 61.4003 60.6383 57.2713 55.3173 56.6127 52.469 50.448 51.8652 50.9608 19.799 16.9706 23.3452 49.6488 58.6941 12.0416 39.1152 34.9285 29.6816 29.0172 8.9443 50 67.1863 12.1655 0 46.0652 44.1475 50.2494 53.2353 50.9608 25.02
7.6158 43.909 37.5366 45.4863 46.6154 40.3113 42.5206 45.9674 43.6807 42.0476 47.5184 47.0425 32.3883 32.7567 43.6807 42.9418 42.0476 39.3573 36.2491 35.4683 40.1622 30.0832 33.9559 38.833 35.9026 44.2041 43.9318 45.0444 15.2643 48.9183 34.5398 18.1108 14.7648 16.7631 25.0599 46.8402 38.1838 50.1199 40.025 46.0652 0 11.1803 5.3852 7.2111 10.6301 25.6125
12.0416 36.1248 31.9061 38.1838 39.6232 35.3553 38.0132 40.4969 49.6488 45.8803 52.2015 50.6952 43.566 43.9318 54.8179 32.45 31.3847 28.8444 25.5539 24.5967 29.1548 19.2354 22.8035 27.6586 24.7386 37.6431 38.0132 48.7647 6.3246 58.8218 34.0588 8.0623 9.2195 18.9737 17.8045 47.0425 47.8017 60.8358 41.0488 44.1475 11.1803 0 16 15.5242 7.2111 20.1246
12.0416 49.2443 42.638 50.774 51.8652 45.2769 47.3814 50.9902 44.5533 44.1022 49.0408 49.0918 27.8927 28.4605 39.5601 46.6154 45.8803 43.0813 40.1622 39.5601 44.3847 34.2053 38.4708 43.4166 40.4475 49.4065 49.0408 47.0956 18.9737 46.6905 38.4708 23.3452 20.1246 20.5913 30.4138 50.3289 36.4005 46.8722 43.3244 50.2494 5.3852 16 0 4.1231 13.4164 30.8058
14.7648 50.4777 44.5533 52.2015 53.4135 47.4236 49.679 53.0377 48.6621 48.0416 53.0848 53.0377 30.0832 30.8707 42.0476 44.2719 43.6807 40.8044 38.0789 37.6563 42.5793 32.3883 37.054 42.0476 39.0512 51.0882 50.9313 51.0392 17.1172 50.3289 41.6293 23.4094 21.4009 23.7697 31.6228 53.7587 40.2244 50 46.8402 53.2353 7.2111 15.5242 4.1231 0 11.1803 32.5576
15.5242 43.1393 39.1152 45.2769 46.7547 42.5441 45.1774 47.7074 53.4883 50.8035 56.7539 55.7315 41.1096 41.7852 52.9245 33.2415 32.573 29.7321 26.9258 26.4764 31.4006 21.2132 26 31 28 44.8219 45.2217 53.7587 6 59.4643 40.4475 14.8661 16.1555 24.0832 25 53.3385 48.7955 60.208 47.0425 50.9608 10.6301 7.2111 13.4164 11.1803 0 27.2947
19.2354 18.9737 12.0416 20.1246 21.095 15.2643 17.8885 20.6155 41.2311 34.0588 41.1096 38.0132 53.1507 52.7731 62.1289 40.2492 38.4708 37.1618 33.6155 31.7805 34.1321 28.1603 27.2947 30 28.3019 18.6011 18.3848 36.4005 25 59.203 17.4642 14.1421 11.4018 15 4.4721 29.8329 48.2701 64.4981 25.4951 25.02 25.6125 20.1246 30.8058 32.5576 27.2947 0
