784.16
32
0 919 10
644 764 10
0 904 10
0 909 10
0 914 10
0 905 10
375 495 10
201 321 10
657 777 10
43 163 10
0 909 10
64 184 10
33 153 10
0 904 10
440 560 10
0 925 10
0 931 10
599 719 10
557 677 10
0 923 10
0 910 10
566 686 10
612 732 10
810 930 10
0 924 10
0 922 10
268 388 10
0 937 10
395 515 10
359 479 10
0 897 10
810 930 10
0 30.8058 36.0555 45.1774 40.05 35.0571 45 35 45.0444 44.2041 43.0116 40.6079 36.0555 33.541 45.0444 38.0526 25 18.0278 14.1421 18.0278 26.9258 39.0512 13.0384 10 19.6469 25.4951 27.4591 42.9418 12.0416 27.0185 38.2099 52.4786 19.2354
30.8058 0 5.3852 73.3757 68.0074 63.2456 72.2772 62.6418 71.8053 46.0977 44.1475 43.566 38.3275 33.3766 72.8011 66.0984 45.0999 36.2491 17 48.8262 16.5529 69.814 42.4853 23.4307 14.3178 47.4236 42.2019 73.5731 31.9061 57.8014 51.9711 83.2166 12.0416
36.0555 5.3852 0 78.7464 73.3757 68.6222 77.6209 68.0074 77.1298 47.2652 45.2769 45.0444 40 35 78.1601 71.4703 50.2494 40.3113 22.3607 54.0833 20.6155 75 47.8539 28.2843 18.6011 51.4782 45.5412 78.8923 36.4005 63.0079 56.5685 88.5099 17.0294
45.1774 73.3757 78.7464 0 5.3852 10.198 4 10.7703 6 83.2406 82.7103 79.8123 76.6877 75.8024 2 7.2801 31.4006 56.0892 56.7539 30.5941 62.1772 25.807 32.1403 55.1453 64.6297 54.231 62.9365 17.4642 53.2353 27.2947 37.2156 23 63.3482
40.05 68.0074 73.3757 5.3852 0 5 5.3852 5.3852 6.4031 79.0569 78.4474 75.5844 72.2772 71.1969 5 2 26.2488 51.6624 51.4198 26.2488 56.8243 25.0799 27.0185 50.04 59.4138 50.5371 58.8727 18.1108 48.5077 24.2074 33.1059 25.4951 58.0517
35.0571 63.2456 68.6222 10.198 5 0 10.198 2 10.7703 74.3303 73.6817 70.8378 67.4463 66.2873 10 3 22.6716 46.8402 46.5725 21.5407 52.4786 23.5372 22.0227 45.0444 54.4518 46.1411 54.231 18.2483 43.566 20.5183 31.3209 26.9258 53.1507
45 72.2772 77.6209 4 5.3852 10.198 0 10 2 84.4334 83.8153 80.9568 77.6209 76.4853 2 7.2801 29.1548 57.0088 55.9017 31.6228 60.4152 29.1548 32.0156 55 64.195 55.9017 64.2573 21.1896 53.7587 29.4109 33.8378 27 62.6498
35 62.6418 68.0074 10.7703 5.3852 2 10 0 10.198 75.0267 74.3303 71.5122 68.0074 66.7083 10.198 3.6056 21.2132 47.4342 46.0977 22.3607 51.4782 25.4951 22.0227 45 54.231 47.1699 55.0364 20.2237 43.9318 22.0227 29.4109 28.7924 52.7731
45.0444 71.8053 77.1298 6 6.4031 10.7703 2 10.198 0 85.0941 84.4334 81.5966 78.1601 76.9025 4 8.0623 28.178 57.5674 55.5788 32.311 59.6154 30.8869 32.1403 55.0364 64.0703 56.8243 65 23.0868 54.1295 30.6105 32.2025 29 62.3939
44.2041 46.0977 47.2652 83.2406 79.0569 74.3303 84.4334 75.0267 85.0941 0 2 3.6056 8.6023 13 83.8153 77.1622 69.2026 27.7308 44.6542 52.811 57.6975 65.0308 54.5894 36.7967 35.7771 30.0666 20.3961 73.3348 32.45 56.8859 82.134 80 40.2492
43.0116 44.1475 45.2769 82.7103 78.4474 73.6817 83.8153 74.3303 84.4334 2 0 3 7.0711 11.1803 83.2406 76.5376 68.0074 26.9258 43.0116 52.2015 55.9017 65 53.6656 35.3553 34 30 20.0998 73.171 31.3847 56.5685 80.8084 80.025 38.4708
40.6079 43.566 45.0444 79.8123 75.5844 70.8378 80.9568 71.5122 81.5966 3.6056 3 0 5.3852 10.198 80.3617 73.6817 65.6049 24.1661 41.3401 49.3356 54.626 62 51 33.3017 32.6956 27 17.1172 70.1783 28.8444 53.6004 78.5684 77.026 37.1618
36.0555 38.3275 40 76.6877 72.2772 67.4463 77.6209 68.0074 78.1601 8.6023 7.0711 5.3852 0 5 77.1298 70.342 61.0328 20.6155 36.0555 46.0977 49.2443 60.208 47.0106 28.2843 27.313 25.4951 15.2971 68 24.5967 51.0882 73.7564 75.326 31.7805
33.541 33.3766 35 75.8024 71.1969 66.2873 76.4853 66.7083 76.9025 13 11.1803 10.198 5 0 76.1183 69.2315 58.3095 20 32.0156 45.2769 44.7214 60.8276 45.2217 25 22.8254 26.9258 17 68.1836 22.8035 51.0392 70.6045 75.9539 27.2947
45.0444 72.8011 78.1601 2 5 10 2 10.198 4 83.8153 83.2406 80.3617 77.1298 76.1183 0 7 30.2324 56.5155 56.2939 31.0483 61.2699 27.4591 32.0156 55.0364 64.3817 55.0364 63.5689 19.3132 53.4603 28.3019 35.5106 25 62.9682
38.0526 66.0984 71.4703 7.2801 2 3 7.2801 3.6056 8.0623 77.1622 76.5376 73.6817 70.342 69.2315 7 0 24.7588 49.7293 49.4773 24.3516 55.0727 24.3516 25.02 48.0416 57.4282 48.7647 57.0088 18 46.5296 22.6716 32.311 25.9615 56.0892
25 45.0999 50.2494 31.4006 26.2488 22.6716 29.1548 21.2132 28.178 69.2026 68.0074 65.6049 61.0328 58.3095 30.2324 24.7588 0 42.4264 30.4138 25.4951 31.6228 41.2311 17.4642 33.541 40.2616 47.1699 51.6624 39.3573 36.8782 32.0156 14.3178 48.8774 37.4833
18.0278 36.2491 40.3113 56.0892 51.6624 46.8402 57.0088 47.4342 57.5674 27.7308 26.9258 24.1661 20.6155 20 56.5155 49.7293 42.4264 0 25 25.4951 40 41.2311 26.9258 15 21.9317 11.1803 9.434 48.2597 6.3246 31.0644 56.0803 56.2939 25
14.1421 17 22.3607 56.7539 51.4198 46.5725 55.9017 46.0977 55.5788 44.6542 43.0116 41.3401 36.0555 32.0156 56.2939 49.4773 30.4138 25 0 32.0156 15 53.1507 25.4951 10 10.2956 35.3553 33.3766 56.6039 19.105 41.1096 40.2492 66.2873 7.0711
18.0278 48.8262 54.0833 30.5941 26.2488 21.5407 31.6228 22.3607 32.311 52.811 52.2015 49.3356 46.0977 45.2769 31.0483 24.3516 25.4951 25.4951 32.0156 0 43.0116 21.2132 9.2195 26.9258 37.1618 25 32.6956 25.0799 23.0217 9.2195 39.5601 34.4819 37.2156
26.9258 16.5529 20.6155 62.1772 56.8243 52.4786 60.4152 51.4782 59.6154 57.6975 55.9017 54.626 49.2443 44.7214 61.2699 55.0727 31.6228 40 15 43.0116 0 64.0312 34.7131 25 21.9317 50.2494 48.2597 65.7951 34.0588 52.2015 36.1248 75.6902 17.4642
39.0512 69.814 75 25.807 25.0799 23.5372 29.1548 25.4951 30.8869 65.0308 65 62 60.208 60.8276 27.4591 24.3516 41.2311 41.2311 53.1507 21.2132 64.0312 0 29.4109 47.1699 57.4543 35 45.0444 9.434 41.2311 12.0416 53.1507 15.1327 58.0086
13.0384 42.4853 47.8539 32.1403 27.0185 22.0227 32.0156 22.0227 32.1403 54.5894 53.6656 51 47.0106 45.2217 32.0156 25.02 17.4642 26.9258 25.4951 9.2195 34.7131 29.4109 0 23.0217 32.5576 30 35.609 31.4006 22.4722 17.8885 31.7805 41.2311 31.6228
10 23.4307 28.2843 55.1453 50.04 45.0444 55 45 55.0364 36.7967 35.3553 33.3017 28.2843 25 55.0364 48.0416 33.541 15 10 26.9258 25 47.1699 23.0217 0 10.2956 25.4951 23.5372 52 9.2195 35.3553 45.607 61.2699 11.4018
19.6469 14.3178 18.6011 64.6297 59.4138 54.4518 64.195 54.231 64.0703 35.7771 34 32.6956 27.313 22.8254 64.3817 57.4282 40.2616 21.9317 10.2956 37.1618 21.9317 57.4543 32.5576 10.2956 0 33.1059 28.2843 62.2415 17.8045 45.6508 50.5371 71.5542 4.4721
25.4951 47.4236 51.4782 54.231 50.5371 46.1411 55.9017 47.1699 56.8243 30.0666 30 27 25.4951 26.9258 55.0364 48.7647 47.1699 11.1803 35.3553 25 50.2494 35 30 25.4951 33.1059 0 10.198 43.2897 16.2788 27.2029 61.4003 50.04 36.0555
27.4591 42.2019 45.5412 62.9365 58.8727 54.231 64.2573 55.0364 65 20.3961 20.0998 17.1172 15.2971 17 63.5689 57.0088 51.6624 9.434 33.3766 32.6956 48.2597 45.0444 35.609 23.5372 28.2843 10.198 0 53.0848 15.6525 36.4966 65.437 60.1332 32.0624
42.9418 73.5731 78.8923 17.4642 18.1108 18.2483 21.1896 20.2237 23.0868 73.3348 73.171 70.1783 68 68.1836 19.3132 18 39.3573 48.2597 56.6039 25.0799 65.7951 9.434 31.4006 52 62.2415 43.2897 53.0848 0 47.2969 17.2627 49.4773 9.8995 62.1772
12.0416 31.9061 36.4005 53.2353 48.5077 43.566 53.7587 43.9318 54.1295 32.45 31.3847 28.8444 24.5967 22.8035 53.4603 46.5296 36.8782 6.3246 19.105 23.0217 34.0588 41.2311 22.4722 9.2195 17.8045 16.2788 15.6525 47.2969 0 30.0832 50.2494 55.9732 20.1246
27.0185 57.8014 63.0079 27.2947 24.2074 20.5183 29.4109 22.0227 30.6105 56.8859 56.5685 53.6004 51.0882 51.0392 28.3019 22.6716 32.0156 31.0644 41.1096 9.2195 52.2015 12.0416 17.8885 35.3553 45.6508 27.2029 36.4966 17.2627 30.0832 0 45.2769 26 46.0435
38.2099 51.9711 56.5685 37.2156 33.1059 31.3209 33.8378 29.4109 32.2025 82.134 80.8084 78.5684 73.7564 70.6045 35.5106 32.311 14.3178 56.0803 40.2492 39.5601 36.1248 53.1507 31.7805 45.607 50.5371 61.4003 65.437 49.4773 50.2494 45.2769 0 58.1893 47.0106
52.4786 83.2166 88.5099 23 25.4951 26.9258 27 28.7924 29 80 80.025 77.026 75.326 75.9539 25 25.9615 48.8774 56.2939 66.2873 34.4819 75.6902 15.1327 41.2311 61.2699 71.5542 50.04 60.1332 9.8995 55.9732 26 58.1893 0 71.6938
19.2354 12.0416 17.0294 63.3482 58.0517 53.1507 62.6498 52.7731 62.3939 40.2492 38.4708 37.1618 31.7805 27.2947 62.9682 56.0892 37.4833 25 7.0711 37.2156 17.4642 58.0086 31.6228 11.4018 4.4721 36.0555 32.0624 62.1772 20.1246 46.0435 47.0106 71.6938 0
