870.52
35
195 315 10
0 917 10
0 914 10
174 294 10
0 904 10
0 909 10
0 914 10
0 905 10
375 495 10
201 321 10
0 914 10
784 904 10
0 904 10
440 560 10
0 916 10
557 677 10
0 923 10
782 902 10
0 907 10
0 910 10
191 311 10
11 131 10
566 686 10
645 765 10
0 892 10
268 388 10
764 884 10
0 935 10
0 930 10
395 515 10
0 914 10
0 917 10
0 897 10
0 945 10
0 901 10
0 33.5261 32.3883 35.3553 39.2938 45.1774 40.05 35.0571 45 35 45.0444 35.0571 45.2769 45.0444 38.0526 33.541 18.0278 26.9258 47.1699 42.4264 39.0512 20.6155 11.1803 13.0384 36.0555 57.0088 42.9418 49.98 14.7648 19.2354 27.0185 35.4683 32.2025 52.4786 4.2426 48.1664
33.5261 0 5 5.831 6 50.2096 45.3431 42.2019 47.4236 40.6079 46.0977 39.0512 44.2041 48.7955 44.0454 51.0784 42.2966 26.6271 30.8058 20.0998 60.407 38.3275 27 33.1361 23.3238 35.1283 59.0593 39.9249 19.2354 30.3645 50.2195 57.5674 20.6155 68.6003 29.8329 22.3607
32.3883 5 0 3 7.8102 53.8145 48.7955 45.3431 51.225 43.8634 50 42.4264 48.2597 52.4976 47.3814 53.2353 43.1741 29.7321 35.6931 25.0799 62.2415 39.9249 27.4591 33.9559 27.7308 40.1123 61.5873 44.5982 19.105 32.2025 51.5461 59.2368 24.6982 71.2811 29.0689 27.2947
35.3553 5.831 3 0 5.831 55.8659 50.9313 47.634 53.1507 46.0977 51.8556 44.5982 50 54.4885 49.5782 55.9017 46.0977 32.0156 36.4005 25.4951 65 42.72 30.4138 36.8782 29.1548 40 64.1405 45.6946 22.0907 34.9285 54.4059 62.0322 26.4008 73.7835 32.0624 27.0185
39.2938 6 7.8102 5.831 0 54.6717 50 47.1699 51.6624 45.4863 50.2096 43.8292 48.1041 53.1507 48.8262 56.648 48.2597 31.7648 32.6956 21.5407 66.0984 44.1475 33 39.1152 26.9072 35.1283 64.405 42.5441 25.1794 36.1386 56.0892 63.3246 24.8395 73.8241 35.6931 22.0907
45.1774 50.2096 53.8145 55.8659 54.6717 0 5.3852 10.198 4 10.7703 6 11.6619 9 2 7.2801 18.6011 30.5941 24.4131 29.4279 37.1618 25.807 25.02 36.1386 32.1403 28.3019 39 17.4642 21.095 41.6293 26.9258 27.2947 26.1725 29.8329 23 42.5793 42.0595
40.05 45.3431 48.7955 50.9313 50 5.3852 0 5 5.3852 5.3852 6.4031 6.4031 8.6023 5 2 16.4012 26.2488 19.2094 27 33.5261 25.0799 20.2237 30.8058 27.0185 24.1661 37.3363 18.1108 20.2485 36.2491 21.587 24.2074 24.6982 25.2389 25.4951 37.3363 38.833
35.0571 42.2019 45.3431 47.634 47.1699 10.198 5 0 10.198 2 10.7703 4 12.2066 10 3 13.9284 21.5407 15.6205 27.4591 32.3883 23.5372 15.2971 25.9615 22.0227 22.561 38.3275 18.2483 22.4722 31.7648 16.7631 20.5183 22.4722 22.8473 26.9258 32.3883 38.1182
45 47.4236 51.225 53.1507 51.6624 4 5.3852 10.198 0 10 2 10.198 5 2 7.2801 21.2132 31.6228 22.3607 25.4951 33.541 29.1548 25.4951 35.3553 32.0156 25 35 21.1896 17.1172 40.1622 26.1725 29.4109 29.2062 26.8701 27 42.107 38.2753
35 40.6079 43.8634 46.0977 45.4863 10.7703 5.3852 2 10 0 10.198 2 11.1803 10.198 3.6056 15.8114 22.3607 14.1421 25.4951 30.4138 25.4951 15.8114 25.4951 22.0227 20.6155 36.4005 20.2237 20.8087 30.8707 16.2788 22.0227 24.3516 21.0238 28.7924 32.1403 36.1248
45.0444 46.0977 50 51.8556 50.2096 6 6.4031 10.7703 2 10.198 0 10 3 4 8.0623 22.6716 32.311 21.5407 23.5372 31.7648 30.8869 25.9615 35.1283 32.1403 23.4307 33 23.0868 15.1327 39.5601 26.0192 30.6105 30.8058 25.4951 29 42.0119 36.4005
35.0571 39.0512 42.4264 44.5982 43.8292 11.6619 6.4031 4 10.198 2 10 0 10.4403 10.7703 5 17.72 23.3238 12.8062 23.5372 28.4429 27.4591 16.5529 25.1794 22.2036 18.6815 34.4819 22.2036 19.2094 30.0832 16.0312 23.6008 26.2488 19.2354 30.6757 32.0156 34.1321
45.2769 44.2041 48.2597 50 48.1041 9 8.6023 12.2066 5 11.1803 3 10.4403 0 7 9.8995 25 33.541 20.6155 20.6155 29.1548 33.541 26.9258 35 32.5576 21.2132 30 25.9615 12.1655 38.833 26.0768 32.5576 33.2866 23.6008 32 42.0476 33.6155
45.0444 48.7955 52.4976 54.4885 53.1507 2 5 10 2 10.198 4 10.7703 7 0 7 19.8494 31.0483 23.3238 27.4591 35.3412 27.4591 25.1794 35.6931 32.0156 26.6271 37 19.3132 19.105 40.8534 26.4764 28.3019 27.6586 28.3196 25 42.2966 40.1622
38.0526 44.0454 47.3814 49.5782 48.8262 7.2801 2 3 7.2801 3.6056 8.0623 5 9.8995 7 0 15.2643 24.3516 17.6918 27.074 32.9848 24.3516 18.2483 28.8617 25.02 23.4094 37.6563 18 21.0238 34.4384 19.6469 22.6716 23.7065 24.1868 25.9615 35.3553 38.4708
33.541 51.0784 53.2353 55.9017 56.648 18.6011 16.4012 13.9284 21.2132 15.8114 22.6716 17.72 25 19.8494 15.2643 0 15.8114 25.4951 41.2311 45 10 14.1421 28.2843 22.0227 35 52.2015 9.434 36.2353 36.2353 21.095 9.2195 8.544 34.2345 19.2094 32.45 51.0392
18.0278 42.2966 43.1741 46.0977 48.2597 30.5941 26.2488 21.5407 31.6228 22.3607 32.311 23.3238 33.541 31.0483 24.3516 15.8114 0 22.3607 43.0116 42.72 21.2132 7.0711 15.8114 9.2195 33.541 54.0833 25.0799 41.8688 24.3516 13.6015 9.2195 17.6918 31.0161 34.4819 17.6918 49.0408
26.9258 26.6271 29.7321 32.0156 31.7648 24.4131 19.2094 15.6205 22.3607 14.1421 21.5407 12.8062 20.6155 23.3238 17.6918 25.4951 22.3607 0 21.2132 20.6155 35.3553 15.8114 15.8114 16.2788 11.1803 32.0156 32.6956 23.0868 18.2483 9.2195 27.2947 33.0606 9.0554 42.0595 23.0868 26.9258
47.1699 30.8058 35.6931 36.4005 32.6956 29.4279 27 27.4591 25.4951 25.4951 23.5372 23.5372 20.6155 27.4591 27.074 41.2311 43.0116 21.2132 0 11.1803 50.9902 36.0555 36.0555 37.4833 11.1803 11.1803 45.0444 10.6301 35.1141 30.4138 46.0977 49.7293 15.2315 52.2398 43.0465 13.6015
42.4264 20.0998 25.0799 25.4951 21.5407 37.1618 33.5261 32.3883 33.541 30.4138 31.7648 28.4429 29.1548 35.3412 32.9848 45 42.72 20.6155 11.1803 0 55 36.4005 32.0156 35.3553 10 15.8114 50.636 21.4009 28.6007 29.1548 47.8539 53.0848 11.7047 58.9406 38.1838 6.3246
39.0512 60.407 62.2415 65 66.0984 25.807 25.0799 23.5372 29.1548 25.4951 30.8869 27.4591 33.541 27.4591 24.3516 10 21.2132 35.3553 50.9902 55 0 22.3607 36.0555 29.4109 45 61.8466 9.434 45.31 44.4185 30.0832 12.0416 3.6056 44.1814 15.1327 38.8973 61.0328
20.6155 38.3275 39.9249 42.72 44.1475 25.02 20.2237 15.2971 25.4951 15.8114 25.9615 16.5529 26.9258 25.1794 18.2483 14.1421 7.0711 15.8114 36.0555 36.4005 22.3607 0 14.1421 8.0623 26.9258 47.1699 23.4307 34.8281 22.2036 8.0623 12.0416 19.3132 24.7386 33.3017 18.7883 42.72
11.1803 27 27.4591 30.4138 33 36.1386 30.8058 25.9615 35.3553 25.4951 35.1283 25.1794 35 35.6931 28.8617 28.2843 15.8114 15.8114 36.0555 32.0156 36.0555 14.1421 0 6.7082 25 46.0977 37.5366 38.8973 8.544 9.2195 24.5967 32.7567 21.2603 47.4236 7.2801 38.0132
13.0384 33.1361 33.9559 36.8782 39.1152 32.1403 27.0185 22.0227 32.0156 22.0227 32.1403 22.2036 32.5576 32.0156 25.02 22.0227 9.2195 16.2788 37.4833 35.3553 29.4109 8.0623 6.7082 0 27.0185 48.1664 31.4006 38.4708 15.2315 7.2111 17.8885 26.0768 23.8537 41.2311 10.7703 41.5933
36.0555 23.3238 27.7308 29.1548 26.9072 28.3019 24.1661 22.561 25 20.6155 23.4307 18.6815 21.2132 26.6271 23.4094 35 33.541 11.1803 11.1803 10 45 26.9258 25 27.0185 0 21.2132 40.7922 17.2627 24.0416 20.2485 38.0789 43.1045 4.1231 49.3356 31.9061 16.1245
57.0088 35.1283 40.1123 40 35.1283 39 37.3363 38.3275 35 36.4005 33 34.4819 30 37 37.6563 52.2015 54.0833 32.0156 11.1803 15.8114 61.8466 47.1699 46.0977 48.1664 21.2132 0 55.4437 18.1108 43.909 41.2311 57.2713 60.7289 24.8395 62 52.8015 13.0384
42.9418 59.0593 61.5873 64.1405 64.405 17.4642 18.1108 18.2483 21.1896 20.2237 23.0868 22.2036 25.9615 19.3132 18 9.434 25.0799 32.6956 45.0444 50.636 9.434 23.4307 37.5366 31.4006 40.7922 55.4437 0 38.0789 45.2769 29.8329 17.2627 11.4018 40.8044 9.8995 41.8808 56.3205
49.98 39.9249 44.5982 45.6946 42.5441 21.095 20.2485 22.4722 17.1172 20.8087 15.1327 19.2094 12.1655 19.105 21.0238 36.2353 41.8688 23.0868 10.6301 21.4009 45.31 34.8281 38.8973 38.4708 17.2627 18.1108 38.0789 0 40.1995 31.305 42.8019 44.7214 21.095 44.0454 46.1736 24.2074
14.7648 19.2354 19.105 22.0907 25.1794 41.6293 36.2491 31.7648 40.1622 30.8707 39.5601 30.0832 38.833 40.8534 34.4384 36.2353 24.3516 18.2483 35.1141 28.6007 44.4185 22.2036 8.544 15.2315 24.0416 43.909 45.2769 40.1995 0 15.6205 33.1059 41.1825 19.9249 55.1725 10.7703 33.9706
19.2354 30.3645 32.2025 34.9285 36.1386 26.9258 21.587 16.7631 26.1725 16.2788 26.0192 16.0312 26.0768 26.4764 19.6469 21.095 13.6015 9.2195 30.4138 29.1548 30.0832 8.0623 9.2195 7.2111 20.2485 41.2311 29.8329 31.305 15.6205 0 20.0998 27.2029 17.4642 39.6989 16 35.4683
27.0185 50.2195 51.5461 54.4059 56.0892 27.2947 24.2074 20.5183 29.4109 22.0227 30.6105 23.6008 32.5576 28.3019 22.6716 9.2195 9.2195 27.2947 46.0977 47.8539 12.0416 12.0416 24.5967 17.8885 38.0789 57.2713 17.2627 42.8019 33.1059 20.0998 0 8.4853 36.3456 26 26.9072 54.1295
35.4683 57.5674 59.2368 62.0322 63.3246 26.1725 24.6982 22.4722 29.2062 24.3516 30.8058 26.2488 33.2866 27.6586 23.7065 8.544 17.6918 33.0606 49.7293 53.0848 3.6056 19.3132 32.7567 26.0768 43.1045 60.7289 11.4018 44.7214 41.1825 27.2029 8.4853 0 42.0119 18.4391 35.3836 59.2115
32.2025 20.6155 24.6982 26.4008 24.8395 29.8329 25.2389 22.8473 26.8701 21.0238 25.4951 19.2354 23.6008 28.3196 24.1868 34.2345 31.0161 9.0554 15.2315 11.7047 44.1814 24.7386 21.2603 23.8537 4.1231 24.8395 40.8044 21.095 19.9249 17.4642 36.3456 42.0119 0 49.7695 28.0179 18.0278
52.4786 68.6003 71.2811 73.7835 73.8241 23 25.4951 26.9258 27 28.7924 29 30.6757 32 25 25.9615 19.2094 34.4819 42.0595 52.2398 58.9406 15.1327 33.3017 47.4236 41.2311 49.3356 62 9.8995 44.0454 55.1725 39.6989 26 18.4391 49.7695 0 51.614 64.3273
4.2426 29.8329 29.0689 32.0624 35.6931 42.5793 37.3363 32.3883 42.107 32.1403 42.0119 32.0156 42.0476 42.2966 35.3553 32.45 17.6918 23.0868 43.0465 38.1838 38.8973 18.7883 7.2801 10.7703 31.9061 52.8015 41.8808 46.1736 10.7703 16 26.9072 35.3836 28.0179 51.614 0 43.9318
48.1664 22.3607 27.2947 27.0185 22.0907 42.0595 38.833 38.1182 38.2753 36.1248 36.4005 34.1321 33.6155 40.1622 38.4708 51.0392 49.0408 26.9258 13.6015 6.3246 61.0328 42.72 38.0132 41.5933 16.1245 13.0384 56.3205 24.2074 33.9706 35.4683 54.1295 59.2115 18.0278 64.3273 43.9318 0
