756.45
33
311 551 10
459 699 10
593 833 10
643 883 10
275 515 10
194 434 10
155 395 10
315 555 10
141 381 10
86 326 10
89 329 10
134 374 10
186 426 10
105 345 10
51 291 10
380 620 10
266 506 10
539 779 10
337 577 10
634 874 10
107 347 10
39 279 10
131 371 10
552 792 10
690 930 10
208 448 10
284 524 10
289 529 10
299 539 10
14 254 10
40 280 10
487 727 10
690 930 10
0 33.541 31.6228 38.0789 40.3113 45.1774 40.05 45 35 45.0444 57.0088 55.7136 52.2015 52 50.2892 51.4782 38.0526 33.541 14.1421 26.9258 26.9258 29.1548 39.0512 20.6155 10 19.6469 42.9418 35.4683 32.2025 38.2099 14.7648 20.6155 48.1664 19.2354
33.541 0 5 5 14.1421 45.3431 40.6079 42.4264 36.0555 41.0366 85 82.1523 80 78.1601 78 75.6637 39.4081 47.4342 32.0156 22.3607 25.4951 55 57.0088 35.3553 39.0512 42.2019 55.0364 54.3415 15.5563 11.1803 43.7379 46.0435 18.0278 38.2753
31.6228 5 0 7.0711 11.1803 48.7955 43.8634 46.0977 39.0512 44.8219 85.1469 82.6075 80.1561 78.6384 78.1601 76.4853 42.5206 49.2443 28.2843 25 20.6155 55.2268 58.5235 36.4005 36.0555 38.2884 57.3062 55.6597 19.4165 16.1245 43.1045 46.0977 22.8035 34.2053
38.0789 5 7.0711 0 11.1803 49.2037 44.6542 46.0977 40.3113 44.5982 90 87.1436 85 83.1505 83 80.6226 43.566 52.2015 35.3553 26.9258 26.9258 60 61.8466 40.3113 43.0116 45.3431 59.6154 59.2284 19.4165 13.0384 48.6621 51.0392 17.0294 41.2311
40.3113 14.1421 11.1803 11.1803 0 59.4643 54.6717 56.5685 50 55.1725 95.5249 93.2148 90.5539 89.2693 88.5664 87.3212 53.4135 60.4152 33.541 36.0555 21.2132 65.7647 69.6419 47.4342 42.72 42.4382 68.4763 66.7308 29.6985 24.1868 53.0377 56.5685 27.2947 38.0132
45.1774 45.3431 48.7955 49.2037 59.4643 0 5.3852 4 10.7703 6 59.1692 54.1202 54.9181 50.6063 53.2541 45.618 7.2801 18.6011 56.7539 24.4131 62.1772 36.6197 25.807 25.02 55.1453 64.6297 17.4642 26.1725 29.8329 37.2156 39.0512 34.176 42.0595 63.3482
40.05 40.6079 43.8634 44.6542 54.6717 5.3852 0 5.3852 5.3852 6.4031 58.6003 53.8516 54.1202 50.1597 52.3546 45.5412 2 16.4012 51.4198 19.2094 56.8243 33.9706 25.0799 20.2237 50.04 59.4138 18.1108 24.6982 25.2389 33.1059 34.7851 30.4138 38.833 58.0517
45 42.4264 46.0977 46.0977 56.5685 4 5.3852 0 10 2 62.6498 57.6975 58.3095 54.1202 56.6039 49.2443 7.2801 21.2132 55.9017 22.3607 60.4152 39.0512 29.1548 25.4951 55 64.195 21.1896 29.2062 26.8701 33.8378 40.1622 35.7771 38.2753 62.6498
35 36.0555 39.0512 40.3113 50 10.7703 5.3852 10 0 10.198 58.5235 54.1202 53.8516 50.2892 52 46.0977 3.6056 15.8114 46.0977 14.1421 51.4782 32.0156 25.4951 15.8114 45 54.231 20.2237 24.3516 21.0238 29.4109 30.8707 27.2029 36.1248 52.7731
45.0444 41.0366 44.8219 44.5982 55.1725 6 6.4031 2 10.198 0 64.4127 59.5063 60.0333 55.9017 58.3095 51.0784 8.0623 22.6716 55.5788 21.5407 59.6154 40.3609 30.8869 25.9615 55.0364 64.0703 23.0868 30.8058 25.4951 32.2025 40.8534 36.7151 36.4005 62.3939
57.0088 85 85.1469 90 95.5249 59.1692 58.6003 62.6498 58.5235 64.4127 0 5.831 5 8.6023 7 14.1421 57.7754 42.72 69.6419 65.7647 83.8153 30 33.541 50.2494 60.4152 68.9638 41.8808 34.176 74.8131 83.7257 42.7551 39.0512 92.5743 71.5542
55.7136 82.1523 82.6075 87.1436 93.2148 54.1202 53.8516 57.6975 54.1202 59.5063 5.831 0 5.3852 4 6.4031 8.6023 53.1413 38.3275 68.8767 62.2013 82.6378 27.4591 28.7924 47 60.0333 69.0652 36.7151 29.8329 71.2531 80.2247 41.1096 36.6742 88.8144 71.3442
52.2015 80 80.1561 85 90.5539 54.9181 54.1202 58.3095 53.8516 60.0333 5 5.3852 0 5.3852 2 11.1803 53.2259 38.0789 65 60.8276 79.0569 25 29.1548 45.2769 55.9017 64.6607 37.8021 29.5466 69.8713 78.7718 37.855 34.0588 87.6641 67.1193
52 78.1601 78.6384 83.1505 89.2693 50.6063 50.1597 54.1202 50.2892 55.9017 8.6023 4 5.3852 0 5 5.831 49.3964 34.4819 65.2993 58.2151 78.924 23.5372 25.0799 43 56.6039 65.8027 33.2866 25.9615 67.2681 76.2365 37.3363 32.7567 84.8528 67.9559
50.2892 78 78.1601 83 88.5664 53.2541 52.3546 56.6039 52 58.3095 7 6.4031 2 5 0 10.4403 51.4296 36.2491 63.1585 58.8558 77.1622 23 27.4591 43.2897 54.1202 62.9682 36.2353 27.7308 67.897 76.7919 35.9026 32.0624 85.703 65.3682
51.4782 75.6637 76.4853 80.6226 87.3212 45.618 45.5412 49.2443 46.0977 51.0784 14.1421 8.6023 11.1803 5.831 10.4403 0 44.9222 30.4138 65.192 55 78.2624 22.3607 20.6155 40.3113 57.0088 66.6033 28.178 22.0907 64.0078 73.0068 36.7151 31.3847 81.3019 68.4105
38.0526 39.4081 42.5206 43.566 53.4135 7.2801 2 7.2801 3.6056 8.0623 57.7754 53.1413 53.2259 49.3964 51.4296 44.9222 0 15.2643 49.4773 17.6918 55.0727 32.5269 24.3516 18.2483 48.0416 57.4282 18 23.7065 24.1868 32.311 32.8938 28.6531 38.4708 56.0892
33.541 47.4342 49.2443 52.2015 60.4152 18.6011 16.4012 21.2132 15.8114 22.6716 42.72 38.3275 38.0789 34.4819 36.2491 30.4138 15.2643 0 47.1699 25.4951 56.5685 18.0278 10 14.1421 42.72 52.9245 9.434 8.544 34.2345 43.1856 23.0868 17.0294 51.0392 52.7731
14.1421 32.0156 28.2843 35.3553 33.541 56.7539 51.4198 55.9017 46.0977 55.5788 69.6419 68.8767 65 65.2993 63.1585 65.192 49.4773 47.1699 0 35 15 43.0116 53.1507 33.541 10 10.2956 56.6039 49.5782 37.108 40.2492 28.6007 34.7131 49.3964 7.0711
26.9258 22.3607 25 26.9258 36.0555 24.4131 19.2094 22.3607 14.1421 21.5407 65.7647 62.2013 60.8276 58.2151 58.8558 55 17.6918 25.4951 35 0 38.0789 36.4005 35.3553 15.8114 36.4005 44.2832 32.6956 33.0606 9.0554 18.0278 29.2062 28.6356 26.9258 42.0119
26.9258 25.4951 20.6155 26.9258 21.2132 62.1772 56.8243 60.4152 51.4782 59.6154 83.8153 82.6378 79.0569 78.924 77.1622 78.2624 55.0727 56.5685 15 38.0789 0 55.9017 64.0312 42.4264 25 21.9317 65.7951 60.6053 36.4966 36.1248 41.6293 47.0106 43.4166 17.4642
29.1548 55 55.2268 60 65.7647 36.6197 33.9706 39.0512 32.0156 40.3609 30 27.4591 25 23.5372 23 22.3607 32.5269 18.0278 43.0116 36.4005 55.9017 0 15 20.6155 35.3553 45.3431 23.5372 12.1655 45.3542 54.1295 14.4222 9.2195 63.3246 46.6905
39.0512 57.0088 58.5235 61.8466 69.6419 25.807 25.0799 29.1548 25.4951 30.8869 33.541 28.7924 29.1548 25.0799 27.4591 20.6155 24.3516 10 53.1507 35.3553 64.0312 15 0 22.3607 47.1699 57.4543 9.434 3.6056 44.1814 53.1507 25.9422 19.2354 61.0328 58.0086
20.6155 35.3553 36.4005 40.3113 47.4342 25.02 20.2237 25.4951 15.8114 25.9615 50.2494 47 45.2769 43 43.2897 40.3113 18.2483 14.1421 33.541 15.8114 42.4264 20.6155 22.3607 0 30.4138 40.2616 23.4307 19.3132 24.7386 33.541 15.2643 13.0384 42.72 39.5601
10 39.0512 36.0555 43.0116 42.72 55.1453 50.04 55 45 55.0364 60.4152 60.0333 55.9017 56.6039 54.1202 57.0088 48.0416 42.72 10 36.4005 25 35.3553 47.1699 30.4138 0 10.2956 52 43.566 40.7063 45.607 21.4009 28.0179 55.3173 11.4018
19.6469 42.2019 38.2884 45.3431 42.4382 64.6297 59.4138 64.195 54.231 64.0703 68.9638 69.0652 64.6607 65.8027 62.9682 66.6033 57.4282 52.9245 10.2956 44.2832 21.9317 45.3431 57.4543 40.2616 10.2956 0 62.2415 53.8516 47.1275 50.5371 31.6228 38.2753 59.6825 4.4721
42.9418 55.0364 57.3062 59.6154 68.4763 17.4642 18.1108 21.1896 20.2237 23.0868 41.8808 36.7151 37.8021 33.2866 36.2353 28.178 18 9.434 56.6039 32.6956 65.7951 23.5372 9.434 23.4307 52 62.2415 0 11.4018 40.8044 49.4773 31.7805 25.318 56.3205 62.1772
35.4683 54.3415 55.6597 59.2284 66.7308 26.1725 24.6982 29.2062 24.3516 30.8058 34.176 29.8329 29.5466 25.9615 27.7308 22.0907 23.7065 8.544 49.5782 33.0606 60.6053 12.1655 3.6056 19.3132 43.566 53.8516 11.4018 0 42.0119 51.0098 22.3607 15.6525 59.2115 54.4059
32.2025 15.5563 19.4165 19.4165 29.6985 29.8329 25.2389 26.8701 21.0238 25.4951 74.8131 71.2531 69.8713 67.2681 67.897 64.0078 24.1868 34.2345 37.108 9.0554 36.4966 45.3542 44.1814 24.7386 40.7063 47.1275 40.8044 42.0119 0 9 37.2156 37.3363 18.0278 44.1475
38.2099 11.1803 16.1245 13.0384 24.1868 37.2156 33.1059 33.8378 29.4109 32.2025 83.7257 80.2247 78.7718 76.2365 76.7919 73.0068 32.311 43.1856 40.2492 18.0278 36.1248 54.1295 53.1507 33.541 45.607 50.5371 49.4773 51.0098 9 0 45.1885 45.8803 10 47.0106
14.7648 43.7379 43.1045 48.6621 53.0377 39.0512 34.7851 40.1622 30.8707 40.8534 42.7551 41.1096 37.855 37.3363 35.9026 36.7151 32.8938 23.0868 28.6007 29.2062 41.6293 14.4222 25.9422 15.2643 21.4009 31.6228 31.7805 22.3607 37.2156 45.1885 0 6.7082 55.0091 32.5576
20.6155 46.0435 46.0977 51.0392 56.5685 34.176 30.4138 35.7771 27.2029 36.7151 39.0512 36.6742 34.0588 32.7567 32.0624 31.3847 28.6531 17.0294 34.7131 28.6356 47.0106 9.2195 19.2354 13.0384 28.0179 38.2753 25.318 15.6525 37.3363 45.8803 6.7082 0 55.3624 39.0512
48.1664 18.0278 22.8035 17.0294 27.2947 42.0595 38.833 38.2753 36.1248 36.4005 92.5743 88.8144 87.6641 84.8528 85.703 81.3019 38.4708 51.0392 49.3964 26.9258 43.4166 63.3246 61.0328 42.72 55.3173 59.6825 56.3205 59.2115 18.0278 10 55.0091 55.3624 0 55.9464
19.2354 38.2753 34.2053 41.2311 38.0132 63.3482 58.0517 62.6498 52.7731 62.3939 71.5542 71.3442 67.1193 67.9559 65.3682 68.4105 56.0892 52.7731 7.0711 42.0119 17.4642 46.6905 58.0086 39.5601 11.4018 4.4721 62.1772 54.4059 44.1475 47.0106 32.5576 39.0512 55.9464 0
