908.79
28
494 699 10
383 486 10
609 872 10
821 881 10
349 829 10
138 273 10
78 339 10
132 375 10
252 359 10
50 530 10
562 799 10
71 208 10
307 787 10
424 904 10
460 539 10
327 807 10
273 498 10
842 902 10
39 316 10
298 358 10
675 735 10
298 358 10
794 854 10
425 485 10
164 644 10
611 897 10
14 74 10
20 500 10
0 35.0571 35 35.0571 45.2769 58.5235 57.0088 55.7136 52.2015 52 50.2892 51.0784 51.4782 47.4342 45.0444 38.0526 35.3412 33.541 47.1699 39.0512 25.2982 36.0555 42.9418 49.98 27.0185 35.4683 52.4786 14.7648 20.6155
35.0571 0 2 4 12.2066 55.0818 56.648 52.2015 52 48.3839 50.1597 47.4342 44.1475 47.4236 10 3 36.0555 13.9284 27.4591 23.5372 34.8281 22.561 18.2483 22.4722 20.5183 22.4722 26.9258 30.0832 26.0768
35 2 0 2 11.1803 57.0088 58.5235 54.1202 53.8516 50.2892 52 49.3356 46.0977 49.2443 10.198 3.6056 37.7359 15.8114 25.4951 25.4951 36.1248 20.6155 20.2237 20.8087 22.0227 24.3516 28.7924 30.8707 27.2029
35.0571 4 2 0 10.4403 58.9406 60.407 56.0446 55.7136 52.2015 53.8516 51.2445 48.0521 51.0784 10.7703 5 39.4462 17.72 23.5372 27.4591 37.4833 18.6815 22.2036 19.2094 23.6008 26.2488 30.6757 31.7648 28.4253
45.2769 12.2066 11.1803 10.4403 0 65 67.082 62.2415 62.6498 58.6003 60.9016 57.6975 53.8516 58.3095 7 9.8995 47.634 25 20.6155 33.541 47.0106 21.2132 25.9615 12.1655 32.5576 33.2866 32 42.0476 38.2753
58.5235 55.0818 57.0088 58.9406 65 0 5 3 7.0711 7 8.6023 8 11.1803 11.1803 58.6003 55.9732 23.5372 41.2311 82.4621 31.6228 33.2415 75.6637 39.3573 76.896 38.0132 32.7567 37.5366 43.9659 39.6232
57.0088 56.648 58.5235 60.407 67.082 5 0 5.831 5 8.6023 7 9.434 14.1421 10 60.9016 57.7754 23 42.72 83.8153 33.541 31.7805 76.4853 41.8808 78.7909 38.4708 34.176 41.0366 42.7551 39.0512
55.7136 52.2015 54.1202 56.0446 62.2415 3 5.831 0 5.3852 4 6.4031 5 8.6023 8.6023 55.9017 53.1413 20.6155 38.3275 79.555 28.7924 30.4631 72.6911 36.7151 74.0945 35.0143 29.8329 35.3553 41.1096 36.6742
52.2015 52 53.8516 55.7136 62.6498 7.0711 5 5.3852 0 5.3852 2 5.831 11.1803 5 56.6039 53.2259 18 38.0789 79.0569 29.1548 26.9258 71.5891 37.8021 74.2496 33.541 29.5466 37.8021 37.855 34.0588
52 48.3839 50.2892 52.2015 58.6003 7 8.6023 4 5.3852 0 5 1 5.831 5.831 52.3546 49.3964 16.7631 34.4819 75.6902 25.0799 26.8328 68.7314 33.2866 70.3847 31.0161 25.9615 32.6497 37.3363 32.7567
50.2892 50.1597 52 53.8516 60.9016 8.6023 7 6.4031 2 5 0 5.099 10.4403 3 54.9181 51.4296 16 36.2491 77.1622 27.4591 25 69.6348 36.2353 72.45 31.5753 27.7308 36.6197 35.9026 32.0624
51.0784 47.4342 49.3356 51.2445 57.6975 8 9.434 5 5.831 1 5.099 0 5.3852 5.3852 51.4782 48.4665 15.8114 33.5261 74.7262 24.1661 25.9422 67.7422 32.45 69.4622 30.0167 25 32.0156 36.4005 31.7805
51.4782 44.1475 46.0977 48.0521 53.8516 11.1803 14.1421 8.6023 11.1803 5.831 10.4403 5.3852 0 10 47.4236 44.9222 16.4012 30.4138 71.5891 20.6155 27.0185 65.192 28.178 65.7875 28.2843 22.0907 26.9072 36.7151 31.3847
47.4342 47.4236 49.2443 51.0784 58.3095 11.1803 10 8.6023 5 5.831 3 5.3852 10 0 52.4309 48.7647 13 33.541 74.3303 25 22.1359 66.7083 33.9706 69.7711 28.6356 25.0599 34.9857 32.9848 29.0689
45.0444 10 10.198 10.7703 7 58.6003 60.9016 55.9017 56.6039 52.3546 54.9181 51.4782 47.4236 52.4309 0 7 42.4264 19.8494 27.4591 27.4591 43.0465 26.6271 19.3132 19.105 28.3019 27.6586 25 39.5601 34.9285
38.0526 3 3.6056 5 9.8995 55.9732 57.7754 53.1413 53.2259 49.3964 51.4296 48.4665 44.9222 48.7647 7 0 37.8021 15.2643 27.074 24.3516 37.2022 23.4094 18 21.0238 22.6716 23.7065 25.9615 32.8938 28.6531
35.3412 36.0555 37.7359 39.4462 47.634 23.5372 23 20.6155 18 16.7631 16 15.8114 16.4012 13 42.4264 37.8021 0 22.6716 62.2415 16.5529 10.6301 54.1202 25.9422 58.5235 16.1555 15 30.4138 20.6155 16.1245
33.541 13.9284 15.8114 17.72 25 41.2311 42.72 38.3275 38.0789 34.4819 36.2491 33.5261 30.4138 33.541 19.8494 15.2643 22.6716 0 41.2311 10 23.7697 35 9.434 36.2353 9.2195 8.544 19.2094 23.0868 17.0294
47.1699 27.4591 25.4951 23.5372 20.6155 82.4621 83.8153 79.555 79.0569 75.6902 77.1622 74.7262 71.5891 74.3303 27.4591 27.074 62.2415 41.2311 0 50.9902 58.5235 11.1803 45.0444 10.6301 46.0977 49.7293 52.2398 50.3289 49.0918
39.0512 23.5372 25.4951 27.4591 33.541 31.6228 33.541 28.7924 29.1548 25.0799 27.4591 24.1661 20.6155 25 27.4591 24.3516 16.5529 10 50.9902 0 22.0227 45 9.434 45.31 12.0416 3.6056 15.1327 25.9422 19.2354
25.2982 34.8281 36.1248 37.4833 47.0106 33.2415 31.7805 30.4631 26.9258 26.8328 25 25.9422 27.0185 22.1359 43.0465 37.2022 10.6301 23.7697 58.5235 22.0227 0 49.1935 30.2655 56.5862 14.7648 19.0263 37.1214 11.0454 9.434
36.0555 22.561 20.6155 18.6815 21.2132 75.6637 76.4853 72.6911 71.5891 68.7314 69.6348 67.7422 65.192 66.7083 26.6271 23.4094 54.1202 35 11.1803 45 49.1935 0 40.7922 17.2627 38.0789 43.1045 49.3356 40.2244 39.8121
42.9418 18.2483 20.2237 22.2036 25.9615 39.3573 41.8808 36.7151 37.8021 33.2866 36.2353 32.45 28.178 33.9706 19.3132 18 25.9422 9.434 45.0444 9.434 30.2655 40.7922 0 38.0789 17.2627 11.4018 9.8995 31.7805 25.318
49.98 22.4722 20.8087 19.2094 12.1655 76.896 78.7909 74.0945 74.2496 70.3847 72.45 69.4622 65.7875 69.7711 19.105 21.0238 58.5235 36.2353 10.6301 45.31 56.5862 17.2627 38.0789 0 42.8019 44.7214 44.0454 50 47.3814
27.0185 20.5183 22.0227 23.6008 32.5576 38.0132 38.4708 35.0143 33.541 31.0161 31.5753 30.0167 28.2843 28.6356 28.3019 22.6716 16.1555 9.2195 46.0977 12.0416 14.7648 38.0789 17.2627 42.8019 0 8.4853 26 14.5602 8.0623
35.4683 22.4722 24.3516 26.2488 33.2866 32.7567 34.176 29.8329 29.5466 25.9615 27.7308 25 22.0907 25.0599 27.6586 23.7065 15 8.544 49.7293 3.6056 19.0263 43.1045 11.4018 44.7214 8.4853 0 18.4391 22.3607 15.6525
52.4786 26.9258 28.7924 30.6757 32 37.5366 41.0366 35.3553 37.8021 32.6497 36.6197 32.0156 26.9072 34.9857 25 25.9615 30.4138 19.2094 52.2398 15.1327 37.1214 49.3356 9.8995 44.0454 26 18.4391 0 40.4969 33.8378
14.7648 30.0832 30.8707 31.7648 42.0476 43.9659 42.7551 41.1096 37.855 37.3363 35.9026 36.4005 36.7151 32.9848 39.5601 32.8938 20.6155 23.0868 50.3289 25.9422 11.0454 40.2244 31.7805 50 14.5602 22.3607 40.4969 0 6.7082
20.6155 26.0768 27.2029 28.4253 38.2753 39.6232 39.0512 36.6742 34.0588 32.7567 32.0624 31.7805 31.3847 29.0689 34.9285 28.6531 16.1245 17.0294 49.0918 19.2354 9.434 39.8121 25.318 47.3814 8.0623 15.6525 33.8378 6.7082 0
