853.71
27
0 911 10
0 910 10
0 909 10
371 491 10
519 639 10
653 773 10
703 823 10
43 163 10
0 909 10
278 398 10
64 184 10
33 153 10
217 337 10
37 157 10
397 517 10
0 907 10
694 814 10
258 378 10
810 930 10
645 765 10
355 475 10
349 469 10
359 479 10
359 479 10
547 667 10
308 428 10
810 930 10
0 38.0789 39.3573 40.3113 33.541 31.6228 38.0789 40.3113 43.0116 40.6079 37.2022 36.0555 33.541 35.3412 37.7359 26.9258 42.4264 26.9258 15.8114 19.6469 36.0555 12.0416 32.2025 38.2099 4.2426 48.1664 20.5183 19.2354
38.0789 0 3 5 52.2015 47.4342 53.8516 47.1699 40 40.1123 37.3363 35.3553 30.4138 30.1496 5.831 60.208 66.7083 26.9258 28.2843 18.868 65.192 36.1248 61.131 62.3699 39.8497 70.214 50.01 18.9737
39.3573 3 0 2 51.4198 46.5725 52.811 45.6508 43 43.1045 40.3113 38.3275 33.3766 33.1361 3.6056 60.531 66.0984 25.9615 30.4795 20.6155 65.0308 38.1838 61.0082 61.8142 40.8534 69.3758 50.1597 20.1246
40.3113 5 2 0 50.9902 46.0977 52.2015 44.7214 45 45.0999 42.2966 40.3113 35.3553 35.1283 3 60.8276 65.7647 25.4951 32.0156 21.9317 65 39.6232 61.0082 61.5224 41.6293 68.884 50.3587 21.095
33.541 52.2015 51.4198 50.9902 0 5 5 14.1421 74.3303 72.3464 68.7677 67.2681 63.6396 65.0692 48.0521 22.3607 15 25.4951 46.0977 42.2019 18.0278 45.2769 15.5563 11.1803 29.5466 18.0278 16 38.2753
31.6228 47.4342 46.5725 46.0977 5 0 7.0711 11.1803 71.0634 69.2026 65.6049 64.0312 60.208 61.5549 43.1741 25 20 20.6155 43.0116 38.2884 22.3607 42.9535 19.4165 16.1245 27.8927 22.8035 16.7631 34.2053
38.0789 53.8516 52.811 52.2015 5 7.0711 0 11.1803 78.1025 76.2168 72.6223 71.0634 67.2681 68.6222 49.3356 26.9258 15.8114 26.9258 50 45.3431 21.2132 49.6488 19.4165 13.0384 34.176 17.0294 21 41.2311
40.3113 47.1699 45.6508 44.7214 14.1421 11.1803 11.1803 0 76.3217 74.793 71.1969 69.4622 65.192 66.2873 42.0595 36.0555 26.9258 21.2132 49.2443 42.4382 32.0156 50.6952 29.6985 24.1868 37.054 27.2947 27.8568 38.0132
43.0116 40 43 45 74.3303 71.0634 78.1025 76.3217 0 3 5.831 7.0711 11.1803 10.4403 45.0999 69.4622 85.1469 55.9017 28.2843 34 79.0569 31.3847 75.213 80.8084 47.2017 90.6091 63.4114 38.4708
40.6079 40.1123 43.1045 45.0999 72.3464 69.2026 76.2168 74.793 3 0 3.6056 5.3852 10.198 10 45 66.888 82.8794 54.626 26.2488 32.6956 76.6094 28.8444 72.8011 78.5684 44.8219 88.4138 61.0737 37.1618
37.2022 37.3363 40.3113 42.2966 68.7677 65.6049 72.6223 71.1969 5.831 3.6056 0 2 7 7.2801 42.0476 63.6318 79.3977 51.0784 22.6716 29.1548 73.2393 25.5539 69.4046 75.0733 41.4005 84.8999 57.6281 33.6155
36.0555 35.3553 38.3275 40.3113 67.2681 64.0312 71.0634 69.4622 7.0711 5.3852 2 0 5 5.3852 40.05 62.6498 78.1025 49.2443 21.2132 27.313 72.111 24.5967 68.2422 73.7564 40.2244 83.5464 56.4004 31.7805
33.541 30.4138 33.3766 35.3553 63.6396 60.208 67.2681 65.192 11.1803 10.198 7 5 0 2 35.0571 60.4152 75 44.7214 18.0278 22.8254 69.4622 22.8035 65.5134 70.6045 37.5899 80.2808 53.535 27.2947
35.3412 30.1496 33.1361 35.1283 65.0692 61.5549 68.6222 66.2873 10.4403 10 7.2801 5.3852 2 0 35 62.2415 76.6094 45.6508 19.7231 23.8537 71.1969 24.7386 67.2309 72.2011 39.3573 81.8352 55.2268 28.3019
37.7359 5.831 3.6056 3 48.0521 43.1741 49.3356 42.0595 45.0999 45 42.0476 40.05 35.0571 35 0 57.8705 62.8013 22.561 30.2324 19.8494 62 37.6431 58.0086 58.5491 38.9102 65.9697 47.3814 18.6011
26.9258 60.208 60.531 60.8276 22.3607 25 26.9258 36.0555 69.4622 66.888 63.6318 62.6498 60.4152 62.2415 57.8705 0 20.6155 38.0789 42.72 44.2832 11.1803 38.0789 9.0554 18.0278 23.0868 26.9258 10.7703 42.0119
42.4264 66.7083 66.0984 65.7647 15 20 15.8114 26.9258 85.1469 82.8794 79.3977 78.1025 75 76.6094 62.8013 20.6155 0 40.3113 57.0088 55.0091 10 54.4518 11.7047 4.4721 38.1838 6.3246 21.9317 51.4782
26.9258 26.9258 25.9615 25.4951 25.4951 20.6155 26.9258 21.2132 55.9017 54.626 51.0784 49.2443 44.7214 45.6508 22.561 38.0789 40.3113 0 30.4138 21.9317 40.3113 34.0588 36.4966 36.1248 25.5539 43.4166 27.313 17.4642
15.8114 28.2843 30.4795 32.0156 46.0977 43.0116 50 49.2443 28.2843 26.2488 22.6716 21.2132 18.0278 19.7231 30.2324 42.72 57.0088 30.4138 0 10.7703 51.4782 8.0623 47.5079 52.6308 19.6977 62.3699 35.5106 14.1421
19.6469 18.868 20.6155 21.9317 42.2019 38.2884 45.3431 42.4382 34 32.6956 29.1548 27.313 22.8254 23.8537 19.8494 44.2832 55.0091 21.9317 10.7703 0 51.2445 17.8045 47.1275 50.5371 22.0907 59.6825 35.171 4.4721
36.0555 65.192 65.0308 65 18.0278 22.3607 21.2132 32.0156 79.0569 76.6094 73.2393 72.111 69.4622 71.1969 62 11.1803 10 40.3113 51.4782 51.2445 0 47.8017 4.1231 8.9443 31.9061 16.1245 16.1555 48.2701
12.0416 36.1248 38.1838 39.6232 45.2769 42.9535 49.6488 50.6952 31.3847 28.8444 25.5539 24.5967 22.8035 24.7386 37.6431 38.0789 54.4518 34.0588 8.0623 17.8045 47.8017 0 44.0454 50.2494 16.2788 60.208 32.5269 20.1246
32.2025 61.131 61.0082 61.0082 15.5563 19.4165 19.4165 29.6985 75.213 72.8011 69.4046 68.2422 65.5134 67.2309 58.0086 9.0554 11.7047 36.4966 47.5079 47.1275 4.1231 44.0454 0 9 28.0179 18.0278 12.083 44.1475
38.2099 62.3699 61.8142 61.5224 11.1803 16.1245 13.0384 24.1868 80.8084 78.5684 75.0733 73.7564 70.6045 72.2011 58.5491 18.0278 4.4721 36.1248 52.6308 50.5371 8.9443 50.2494 9 0 33.9706 10 17.8045 47.0106
4.2426 39.8497 40.8534 41.6293 29.5466 27.8927 34.176 37.054 47.2017 44.8219 41.4005 40.2244 37.5899 39.3573 38.9102 23.0868 38.1838 25.5539 19.6977 22.0907 31.9061 16.2788 28.0179 33.9706 0 43.9318 16.2788 20.8806
48.1664 70.214 69.3758 68.884 18.0278 22.8035 17.0294 27.2947 90.6091 88.4138 84.8999 83.5464 80.2808 81.8352 65.9697 26.9258 6.3246 43.4166 62.3699 59.6825 16.1245 60.208 18.0278 10 43.9318 0 27.8029 55.9464
20.5183 50.01 50.1597 50.3587 16 16.7631 21 27.8568 63.4114 61.0737 57.6281 56.4004 53.535 55.2268 47.3814 10.7703 21.9317 27.313 35.5106 35.171 16.1555 32.5269 12.083 17.8045 16.2788 27.8029 0 32.3883
19.2354 18.9737 20.1246 21.095 38.2753 34.2053 41.2311 38.0132 38.4708 37.1618 33.6155 31.7805 27.2947 28.3019 18.6011 42.0119 51.4782 17.4642 14.1421 4.4721 48.2701 20.1246 44.1475 47.0106 20.8806 55.9464 32.3883 0
