615.51
27
389 788 10
57 600 10
55 575 10
52 536 10
90 521 10
50 534 10
425 898 10
51 602 10
342 751 10
351 782 10
161 610 10
390 843 10
110 525 10
29 548 10
39 593 10
404 847 10
100 555 10
81 520 10
125 530 10
444 942 10
249 580 10
259 650 10
198 609 10
325 897 10
204 633 10
442 937 10
265 638 10
0 58.5235 57.0088 55.7136 52.2015 52 50.2892 51.0784 51.4782 47.4342 35.3412 33.541 18.0278 15.8114 29.1548 39.0512 13.0384 25.2982 25.4951 42.9418 7.6158 12.0416 27.0185 35.4683 52.4786 4.2426 12.0416 17.1172
58.5235 0 5 3 7.0711 7 8.6023 8 11.1803 11.1803 23.5372 41.2311 45.2769 61.0328 30.4138 31.6228 54.4518 33.2415 39.0512 39.3573 50.9215 53.8516 38.0132 32.7567 37.5366 60.4401 47.5395 42.0476
57.0088 5 0 5.831 5 8.6023 7 9.434 14.1421 10 23 42.72 45 58.3095 30 33.541 54.037 31.7805 36.0555 41.8808 49.4773 51.4296 38.4708 34.176 41.0366 59.2284 46.5296 40.1622
55.7136 3 5.831 0 5.3852 4 6.4031 5 8.6023 8.6023 20.6155 38.3275 42.2966 58.6003 27.4591 28.7924 51.4782 30.4631 36.7967 36.7151 48.1041 51.3128 35.0143 29.8329 35.3553 57.5674 44.643 39.3573
52.2015 7.0711 5 5.3852 0 5.3852 2 5.831 11.1803 5 18 38.0789 40 54.0833 25 29.1548 49.0408 26.9258 32.0156 37.8021 44.643 47.0106 33.541 29.5466 37.8021 54.3415 41.5933 35.4683
52 7 8.6023 4 5.3852 0 5 1 5.831 5.831 16.7631 34.4819 38.3275 55.4437 23.5372 25.0799 47.5184 26.8328 33.9706 33.2866 44.3847 48.0104 31.0161 25.9615 32.6497 53.7587 40.8044 35.8469
50.2892 8.6023 7 6.4031 2 5 0 5.099 10.4403 3 16 36.2491 38 52.4309 23 27.4591 47.0425 25 30.4795 36.2353 42.72 45.2769 31.5753 27.7308 36.6197 52.3927 39.6232 33.6155
51.0784 8 9.434 5 5.831 1 5.099 0 5.3852 5.3852 15.8114 33.5261 37.3363 54.6717 22.561 24.1661 46.5296 25.9422 33.3017 32.45 43.4626 47.2017 30.0167 25 32.0156 52.811 39.8497 34.9857
51.4782 11.1803 14.1421 8.6023 11.1803 5.831 10.4403 5.3852 0 10 16.4012 30.4138 36.4005 56.5685 22.3607 20.6155 45.607 27.0185 36.0555 28.178 43.909 48.8365 28.2843 22.0907 26.9072 52.8015 39.8121 36.2353
47.4342 11.1803 10 8.6023 5 5.831 3 5.3852 10 0 13 33.541 35 50 20 25 44.0454 22.1359 28.2843 33.9706 39.8497 42.72 28.6356 25.0599 34.9857 49.4773 36.6742 30.8707
35.3412 23.5372 23 20.6155 18 16.7631 16 15.8114 16.4012 13 0 22.6716 22 40.3609 7 16.5529 31.0644 10.6301 21.1896 25.9422 27.7308 32.5269 16.1555 15 30.4138 37 24.0416 19.8494
33.541 41.2311 42.72 38.3275 38.0789 34.4819 36.2491 33.5261 30.4138 33.541 22.6716 0 15.8114 46.0977 18.0278 10 22.0227 23.7697 36.4005 9.434 28.1603 38.4708 9.2195 8.544 19.2094 32.45 22.8035 28.0713
18.0278 45.2769 45 42.2966 40 38.3275 38 37.3363 36.4005 35 22 15.8114 0 30.4138 15 21.2132 9.2195 15.6525 25 25.0799 12.3693 23.0217 9.2195 17.6918 34.4819 17.6918 7.0711 14.7648
15.8114 61.0328 58.3095 58.6003 54.0833 55.4437 52.4309 54.6717 56.5685 50 40.3609 46.0977 30.4138 0 36.0555 49.2443 28.2843 29.8329 22.3607 55.0818 18.1108 8.0623 37.9473 45.6946 63.9062 19.6977 23.3452 20.8087
29.1548 30.4138 30 27.4591 25 23.5372 23 22.561 22.3607 20 7 18.0278 15 36.0555 0 15 24.0832 7.0711 20 23.5372 21.6333 28.0179 10 12.1655 30.0666 30.4631 17.4642 15.2643
39.0512 31.6228 33.541 28.7924 29.1548 25.0799 27.4591 24.1661 20.6155 25 16.5529 10 21.2132 49.2443 15 0 29.4109 22.0227 35 9.434 32.45 41.2311 12.0416 3.6056 15.1327 38.8973 27.2029 29.1204
13.0384 54.4518 54.037 51.4782 49.0408 47.5184 47.0425 46.5296 45.607 44.0454 31.0644 22.0227 9.2195 28.2843 24.0832 29.4109 0 23.5372 30 31.4006 11.6619 22.4722 17.8885 26.0768 41.2311 10.7703 9.434 19.4165
25.2982 33.2415 31.7805 30.4631 26.9258 26.8328 25 25.9422 27.0185 22.1359 10.6301 23.7697 15.6525 29.8329 7.0711 22.0227 23.5372 0 13.0384 30.2655 17.72 21.9317 14.7648 19.0263 37.1214 27.4591 15 9.2195
25.4951 39.0512 36.0555 36.7967 32.0156 33.9706 30.4795 33.3017 36.0555 28.2843 21.1896 36.4005 25 22.3607 20 35 30 13.0384 0 43.2897 19.6977 16.2788 27.2029 32.0624 50.04 29.1204 20.6155 10.6301
42.9418 39.3573 41.8808 36.7151 37.8021 33.2866 36.2353 32.45 28.178 33.9706 25.9422 9.434 25.0799 55.0818 23.5372 9.434 31.4006 30.2655 43.2897 0 37.3363 47.2969 17.2627 11.4018 9.8995 41.8808 31.9531 36.1248
7.6158 50.9215 49.4773 48.1041 44.643 44.3847 42.72 43.4626 43.909 39.8497 27.7308 28.1603 12.3693 18.1108 21.6333 32.45 11.6619 17.72 19.6977 37.3363 0 11.1803 20.5913 28.8444 46.5188 10 5.3852 10.0499
12.0416 53.8516 51.4296 51.3128 47.0106 48.0104 45.2769 47.2017 48.8365 42.72 32.5269 38.4708 23.0217 8.0623 28.0179 41.2311 22.4722 21.9317 16.2788 47.2969 11.1803 0 30.0832 37.6962 55.9732 16.2788 16 12.8062
27.0185 38.0132 38.4708 35.0143 33.541 31.0161 31.5753 30.0167 28.2843 28.6356 16.1555 9.2195 9.2195 37.9473 10 12.0416 17.8885 14.7648 27.2029 17.2627 20.5913 30.0832 0 8.4853 26 26.9072 15.2643 19
35.4683 32.7567 34.176 29.8329 29.5466 25.9615 27.7308 25 22.0907 25.0599 15 8.544 17.6918 45.6946 12.1655 3.6056 26.0768 19.0263 32.0624 11.4018 28.8444 37.6962 8.4853 0 18.4391 35.3836 23.6008 25.7099
52.4786 37.5366 41.0366 35.3553 37.8021 32.6497 36.6197 32.0156 26.9072 34.9857 30.4138 19.2094 34.4819 63.9062 30.0666 15.1327 41.2311 37.1214 50.04 9.8995 46.5188 55.9732 26 18.4391 0 51.614 41.1461 44.1475
4.2426 60.4401 59.2284 57.5674 54.3415 53.7587 52.3927 52.811 52.8015 49.4773 37 32.45 17.6918 19.6977 30.4631 38.8973 10.7703 27.4591 29.1204 41.8808 10 16.2788 26.9072 35.3836 51.614 0 13 20.025
12.0416 47.5395 46.5296 44.643 41.5933 40.8044 39.6232 39.8497 39.8121 36.6742 24.0416 22.8035 7.0711 23.3452 17.4642 27.2029 9.434 15 20.6155 31.9531 5.3852 16 15.2643 23.6008 41.1461 13 0 10
17.1172 42.0476 40.1622 39.3573 35.4683 35.8469 33.6155 34.9857 36.2353 30.8707 19.8494 28.0713 14.7648 20.8087 15.2643 29.1204 19.4165 9.2195 10.6301 36.1248 10.0499 12.8062 19 25.7099 44.1475 20.025 10 0
