883.97
28
681 801 10
784 904 10
529 649 10
146 266 10
149 269 10
194 314 10
246 366 10
165 285 10
621 741 10
80 200 10
487 607 10
278 398 10
329 449 10
376 496 10
732 852 10
507 627 10
782 902 10
167 287 10
39 159 10
268 388 10
241 361 10
764 884 10
355 475 10
713 833 10
359 479 10
14 134 10
392 512 10
100 220 10
0 35.0571 45.2769 58.5235 57.0088 55.7136 52.2015 52 50.2892 51.0784 51.4782 47.4342 37.2022 40.3113 30.8058 45.0444 35.3412 47.1699 29.1548 39.0512 25.2982 25.4951 49.98 12.0416 52.4786 4.2426 14.7648 17.1172 20.6155
35.0571 0 10.4403 58.9406 60.407 56.0446 55.7136 52.2015 53.8516 51.2445 48.0521 51.0784 69.2892 73.3757 63.2456 10.7703 39.4462 23.5372 33.6006 27.4591 37.4833 48.2597 19.2094 44.3847 30.6757 32.0156 31.7648 38.0789 28.4253
45.2769 10.4403 0 65 67.082 62.2415 62.6498 58.6003 60.9016 57.6975 53.8516 58.3095 79.712 83.8153 73.6817 7 47.634 20.6155 42.4264 33.541 47.0106 58.3095 12.1655 54.8179 32 42.0476 42.0476 48.3011 38.2753
58.5235 58.9406 65 0 5 3 7.0711 7 8.6023 8 11.1803 11.1803 59.9083 65.192 58.258 58.6003 23.5372 82.4621 30.4138 31.6228 33.2415 39.0512 76.896 53.8516 37.5366 60.4401 43.9659 42.0476 39.6232
57.0088 60.407 67.082 5 0 5.831 5 8.6023 7 9.434 14.1421 10 55.8032 61.0328 54.4885 60.9016 23 83.8153 30 33.541 31.7805 36.0555 78.7909 51.4296 41.0366 59.2284 42.7551 40.1622 39.0512
55.7136 56.0446 62.2415 3 5.831 0 5.3852 4 6.4031 5 8.6023 8.6023 58.3095 63.6318 56.4004 55.9017 20.6155 79.555 27.4591 28.7924 30.4631 36.7967 74.0945 51.3128 35.3553 57.5674 41.1096 39.3573 36.6742
52.2015 55.7136 62.6498 7.0711 5 5.3852 0 5.3852 2 5.831 11.1803 5 53 58.3095 51.225 56.6039 18 79.0569 25 29.1548 26.9258 32.0156 74.2496 47.0106 37.8021 54.3415 37.855 35.4683 34.0588
52 52.2015 58.6003 7 8.6023 4 5.3852 0 5 1 5.831 5.831 56.356 61.7171 54.0833 52.3546 16.7631 75.6902 23.5372 25.0799 26.8328 33.9706 70.3847 48.0104 32.6497 53.7587 37.3363 35.8469 32.7567
50.2892 53.8516 60.9016 8.6023 7 6.4031 2 5 0 5.099 10.4403 3 51.9711 57.3062 50 54.9181 16 77.1622 23 27.4591 25 30.4795 72.45 45.2769 36.6197 52.3927 35.9026 33.6155 32.0624
51.0784 51.2445 57.6975 8 9.434 5 5.831 1 5.099 0 5.3852 5.3852 55.9017 61.2699 53.535 51.4782 15.8114 74.7262 22.561 24.1661 25.9422 33.3017 69.4622 47.2017 32.0156 52.811 36.4005 34.9857 31.7805
51.4782 48.0521 53.8516 11.1803 14.1421 8.6023 11.1803 5.831 10.4403 5.3852 0 10 59.6154 65 56.8243 47.4236 16.4012 71.5891 22.3607 20.6155 27.0185 36.0555 65.7875 48.8365 26.9072 52.8015 36.7151 36.2353 31.3847
47.4342 51.0784 58.3095 11.1803 10 8.6023 5 5.831 3 5.3852 10 0 50.5371 55.9017 48.2597 52.4309 13 74.3303 20 25 22.1359 28.2843 69.7711 42.72 34.9857 49.4773 32.9848 30.8707 29.0689
37.2022 69.2892 79.712 59.9083 55.8032 58.3095 53 56.356 51.9711 55.9017 59.6154 50.5371 0 5.3852 6.4031 77.6209 46.0977 84.3149 45.0999 60.075 38.0526 25.1794 86.3134 25.5539 75.1665 41.4005 38.0789 32.3883 43.4166
40.3113 73.3757 83.8153 65.192 61.0328 63.6318 58.3095 61.7171 57.3062 61.2699 65 55.9017 5.3852 0 10.198 82 51.4198 87.4643 50.2494 65.192 43.1856 30.4138 89.9611 29.1548 80.3057 44.4185 42.5793 37.1214 48.1664
30.8058 63.2456 73.6817 58.258 54.4885 56.4004 51.225 54.0833 50 53.535 56.8243 48.2597 6.4031 10.198 0 71.8053 42.3792 77.9359 40.6079 55.4437 33.541 21.1896 80.0562 19.2354 70.5762 35 32.3883 27.0185 38.0526
45.0444 10.7703 7 58.6003 60.9016 55.9017 56.6039 52.3546 54.9181 51.4782 47.4236 52.4309 77.6209 82 71.8053 0 42.4264 27.4591 37.8021 27.4591 43.0465 55.0364 19.105 53.4603 25 42.2966 39.5601 45.5412 34.9285
35.3412 39.4462 47.634 23.5372 23 20.6155 18 16.7631 16 15.8114 16.4012 13 46.0977 51.4198 42.3792 42.4264 0 62.2415 7 16.5529 10.6301 21.1896 58.5235 32.5269 30.4138 37 20.6155 19.8494 16.1245
47.1699 23.5372 20.6155 82.4621 83.8153 79.555 79.0569 75.6902 77.1622 74.7262 71.5891 74.3303 84.3149 87.4643 77.9359 27.4591 62.2415 0 55.9017 50.9902 58.5235 67.2681 10.6301 58.8218 52.2398 43.0465 50.3289 56.6392 49.0918
29.1548 33.6006 42.4264 30.4138 30 27.4591 25 23.5372 23 22.561 22.3607 20 45.0999 50.2494 40.6079 37.8021 7 55.9017 0 15 7.0711 20 52.8015 28.0179 30.0666 30.4631 14.4222 15.2643 9.2195
39.0512 27.4591 33.541 31.6228 33.541 28.7924 29.1548 25.0799 27.4591 24.1661 20.6155 25 60.075 65.192 55.4437 27.4591 16.5529 50.9902 15 0 22.0227 35 45.31 41.2311 15.1327 38.8973 25.9422 29.1204 19.2354
25.2982 37.4833 47.0106 33.2415 31.7805 30.4631 26.9258 26.8328 25 25.9422 27.0185 22.1359 38.0526 43.1856 33.541 43.0465 10.6301 58.5235 7.0711 22.0227 0 13.0384 56.5862 21.9317 37.1214 27.4591 11.0454 9.2195 9.434
25.4951 48.2597 58.3095 39.0512 36.0555 36.7967 32.0156 33.9706 30.4795 33.3017 36.0555 28.2843 25.1794 30.4138 21.1896 55.0364 21.1896 67.2681 20 35 13.0384 0 66.8431 16.2788 50.04 29.1204 16.9706 10.6301 20.1246
49.98 19.2094 12.1655 76.896 78.7909 74.0945 74.2496 70.3847 72.45 69.4622 65.7875 69.7711 86.3134 89.9611 80.0562 19.105 58.5235 10.6301 52.8015 45.31 56.5862 66.8431 0 60.8358 44.0454 46.1736 50 56.4004 47.3814
12.0416 44.3847 54.8179 53.8516 51.4296 51.3128 47.0106 48.0104 45.2769 47.2017 48.8365 42.72 25.5539 29.1548 19.2354 53.4603 32.5269 58.8218 28.0179 41.2311 21.9317 16.2788 60.8358 0 55.9732 16.2788 15.5242 12.8062 22.1359
52.4786 30.6757 32 37.5366 41.0366 35.3553 37.8021 32.6497 36.6197 32.0156 26.9072 34.9857 75.1665 80.3057 70.5762 25 30.4138 52.2398 30.0666 15.1327 37.1214 50.04 44.0454 55.9732 0 51.614 40.4969 44.1475 33.8378
4.2426 32.0156 42.0476 60.4401 59.2284 57.5674 54.3415 53.7587 52.3927 52.811 52.8015 49.4773 41.4005 44.4185 35 42.2966 37 43.0465 30.4631 38.8973 27.4591 29.1204 46.1736 16.2788 51.614 0 16.4924 20.025 21.4709
14.7648 31.7648 42.0476 43.9659 42.7551 41.1096 37.855 37.3363 35.9026 36.4005 36.7151 32.9848 38.0789 42.5793 32.3883 39.5601 20.6155 50.3289 14.4222 25.9422 11.0454 16.9706 50 15.5242 40.4969 16.4924 0 6.4031 6.7082
17.1172 38.0789 48.3011 42.0476 40.1622 39.3573 35.4683 35.8469 33.6155 34.9857 36.2353 30.8707 32.3883 37.1214 27.0185 45.5412 19.8494 56.6392 15.2643 29.1204 9.2195 10.6301 56.4004 12.8062 44.1475 20.025 6.4031 0 11.0454
20.6155 28.4253 38.2753 39.6232 39.0512 36.6742 34.0588 32.7567 32.0624 31.7805 31.3847 29.0689 43.4166 48.1664 38.0526 34.9285 16.1245 49.0918 9.2195 19.2354 9.434 20.1246 47.3814 22.1359 33.8378 21.4709 6.7082 11.0454 0
