850.48
37
0 919 10
644 764 10
388 508 10
0 914 10
367 487 10
0 891 10
146 266 10
0 894 10
0 897 10
246 366 10
0 899 10
0 898 10
80 200 10
0 902 10
657 777 10
0 909 10
278 398 10
329 449 10
376 496 10
0 911 10
0 912 10
0 914 10
0 931 10
599 719 10
167 287 10
268 388 10
612 732 10
0 924 10
0 922 10
822 942 10
0 937 10
0 937 10
14 134 10
808 928 10
0 932 10
0 929 10
0 934 10
0 30.8058 36.0555 33.3017 35.3553 39.0512 58.5235 57.0088 55.7136 52.2015 52 50.2892 51.0784 51.4782 47.4342 44.2041 40.6079 37.2022 40.3113 30.8058 38.0789 37.2022 35.3412 18.0278 14.1421 29.1548 25.2982 10 25.4951 27.4591 7.6158 12.0416 12.0416 14.7648 21.095 17.1172 20.6155 15.5242
30.8058 0 5.3852 4 7 8.6023 85.7555 83.2406 83.2166 78.8923 79.8812 77.1751 79.0569 80.4301 74.6257 46.0977 43.566 40.3113 39.2938 36 34.4819 6.4031 64.0312 36.2491 17 58.7282 53.4135 23.4307 47.4236 42.2019 37.5366 31.9061 42.638 44.5533 45.2769 44.2041 50.9902 39.1152
36.0555 5.3852 0 5.3852 7.0711 5 90.1388 87.4643 87.6584 83.2166 84.4038 81.5414 83.6002 85.1469 79.0569 47.2652 45.0444 42 40.3113 38.3275 35.3553 2 68.7677 40.3113 22.3607 63.6396 58.1378 28.2843 51.4782 45.5412 42.638 36.4005 47.8017 49.5782 49.6488 48.9183 56.0803 43.6005
33.3017 4 5.3852 0 3 5.831 89.1852 86.7698 86.6083 82.365 83.2166 80.6226 82.3772 83.6002 78.032 50.01 47.5184 44.2832 43.1741 40 38.3275 5 67.2012 39.9249 19.2094 61.7171 56.6127 26.6271 51.0784 46.0977 40.3113 35.3553 45.2769 47.4236 48.7647 47.4342 53.7401 42.5441
35.3553 7 7.0711 3 0 5 91.7878 89.4427 89.1852 85 85.7555 83.2406 84.9058 86.0233 80.6226 52.9528 50.4876 47.2652 46.0977 43 41.2311 5.831 69.6348 42.72 21.2132 64.0312 59.0762 29.1548 53.8516 49.0306 42.5206 38.0132 47.3814 49.679 51.4296 49.93 55.9017 45.1774
39.0512 8.6023 5 5.831 5 0 94.3398 91.7878 91.8096 87.4643 88.4816 85.7555 87.6584 89.0225 83.2166 52.2398 50.04 47 45.2769 43.2897 40.3113 3 72.6223 44.7214 25 67.2681 62.0081 32.0156 55.9017 50.2892 45.9674 40.4969 50.9902 53.0377 53.8516 52.8015 59.4138 47.7074
58.5235 85.7555 90.1388 89.1852 91.7878 94.3398 0 5 3 7.0711 7 8.6023 8 11.1803 11.1803 61.7171 60.0333 59.9083 65.192 58.258 68.0074 91.8096 23.5372 50 71.5891 30.4138 33.2415 62.6498 39.0512 47.4236 50.9215 53.8516 47.5395 43.9659 40.4969 42.0476 39.6232 46.6476
57.0088 83.2406 87.4643 86.7698 89.4427 91.7878 5 0 5.831 5 8.6023 7 9.434 14.1421 10 57.3062 55.7584 55.8032 61.0328 54.4885 64.0312 89.1852 23 47.1699 69.6419 30 31.7805 60.4152 36.0555 43.8634 49.4773 51.4296 46.5296 42.7551 38.0132 40.1622 39.0512 44.2832
55.7136 83.2166 87.6584 86.6083 89.1852 91.8096 3 5.831 0 5.3852 4 6.4031 5 8.6023 8.6023 60.4152 58.5918 58.3095 63.6318 56.4004 66.2873 89.3085 20.6155 47.634 68.8767 27.4591 30.4631 60.0333 36.7967 45.4533 48.1041 51.3128 44.643 41.1096 38.0132 39.3573 36.6742 44.1022
52.2015 78.8923 83.2166 82.365 85 87.4643 7.0711 5 5.3852 0 5.3852 2 5.831 11.1803 5 55.0364 53.2353 53 58.3095 51.225 61.0328 84.9058 18 43.0116 65 25 26.9258 55.9017 32.0156 40.3609 44.643 47.0106 41.5933 37.855 33.6155 35.4683 34.0588 39.8246
52 79.8812 84.4038 83.2166 85.7555 88.4816 7 8.6023 4 5.3852 0 5 1 5.831 5.831 58.8727 56.8595 56.356 61.7171 54.0833 64.1405 86.0233 16.7631 44.5982 65.2993 23.5372 26.8328 56.6039 33.9706 43.0116 44.3847 48.0104 40.8044 37.3363 34.8281 35.8469 32.7567 40.8044
50.2892 77.1751 81.5414 80.6226 83.2406 85.7555 8.6023 7 6.4031 2 5 0 5.099 10.4403 3 54.231 52.3259 51.9711 57.3062 50 59.9083 83.2166 16 41.4005 63.1585 23 25 54.1202 30.4795 39.0512 42.72 45.2769 39.6232 35.9026 31.9061 33.6155 32.0624 38.0789
51.0784 79.0569 83.6002 82.3772 84.9058 87.6584 8 9.434 5 5.831 1 5.099 0 5.3852 5.3852 58.5235 56.4624 55.9017 61.2699 53.535 63.6318 85.2115 15.8114 43.8634 64.4127 22.561 25.9422 55.7584 33.3017 42.4382 43.4626 47.2017 39.8497 36.4005 34.0588 34.9857 31.7805 40
51.4782 80.4301 85.1469 83.6002 86.0233 89.0225 11.1803 14.1421 8.6023 11.1803 5.831 10.4403 5.3852 0 10 62.6418 60.407 59.6154 65 56.8243 67.082 86.6833 16.4012 46.0977 65.192 22.3607 27.0185 57.0088 36.0555 45.6508 43.909 48.8365 39.8121 36.7151 36.1248 36.2353 31.3847 41.7253
47.4342 74.6257 79.0569 78.032 80.6226 83.2166 11.1803 10 8.6023 5 5.831 3 5.3852 10 0 53.1413 51.0784 50.5371 55.9017 48.2597 58.3095 80.7094 13 39.0512 60.4152 20 22.1359 51.4782 28.2843 37.2022 39.8497 42.72 36.6742 32.9848 29.4109 30.8707 29.0689 35.5106
44.2041 46.0977 47.2652 50.01 52.9528 52.2398 61.7171 57.3062 60.4152 55.0364 58.8727 54.231 58.5235 62.6418 53.1413 0 3.6056 7.0711 7 13.4536 12 49.2544 50.2494 27.7308 44.6542 50.04 43.1045 36.7967 30.0666 20.3961 42.9418 32.45 46.6154 44.2719 33.541 38.3275 49.2443 33.2415
40.6079 43.566 45.0444 47.5184 50.4876 50.04 60.0333 55.7584 58.5918 53.2353 56.8595 52.3259 56.4624 60.407 51.0784 3.6056 0 3.6056 5.831 9.8995 10.4403 47.0425 47.5184 24.1661 41.3401 47 40.0125 33.3017 27 17.1172 39.3573 28.8444 43.0813 40.8044 30.2655 34.9285 45.8912 29.7321
37.2022 40.3113 42 44.2832 47.2652 47 59.9083 55.8032 58.3095 53 56.356 51.9711 55.9017 59.6154 50.5371 7.0711 3.6056 0 5.3852 6.4031 8.6023 44 46.0977 21.1896 37.7359 45.0999 38.0526 29.7321 25.1794 15.0333 36.2491 25.5539 40.1622 38.0789 28.0179 32.3883 43.4166 26.9258
40.3113 39.2938 40.3113 43.1741 46.0977 45.2769 65.192 61.0328 63.6318 58.3095 61.7171 57.3062 61.2699 65 55.9017 7 5.831 5.3852 0 10.198 5 42.2966 51.4198 25.4951 39.0512 50.2494 43.1856 32.0156 30.4138 20.2237 40.1622 29.1548 44.3847 42.5793 33.0151 37.1214 48.1664 31.4006
30.8058 36 38.3275 40 43 43.2897 58.258 54.4885 56.4004 51.225 54.0833 50 53.535 56.8243 48.2597 13.4536 9.8995 6.4031 10.198 0 10.4403 40.3113 42.3792 15.2971 31.7648 40.6079 33.541 23.4307 21.1896 11.1803 30.0832 19.2354 34.2053 32.3883 23.1948 27.0185 38.0526 21.2132
38.0789 34.4819 35.3553 38.3275 41.2311 40.3113 68.0074 64.0312 66.2873 61.0328 64.1405 59.9083 63.6318 67.082 58.3095 12 10.4403 8.6023 5 10.4403 0 37.3363 52.811 25 35.3553 50.9902 43.9318 29.1548 31.6228 21.5407 38.833 27.6586 43.4166 42.0476 33.541 37.054 48.0104 31
37.2022 6.4031 2 5 5.831 3 91.8096 89.1852 89.3085 84.9058 86.0233 83.2166 85.2115 86.6833 80.7094 49.2544 47.0425 44 42.2966 40.3113 37.3363 0 70.2922 42.0595 23.3238 65.0692 59.6657 29.7321 53.2353 47.4342 43.9318 38.0132 49.0408 50.9313 51.3128 50.448 57.3847 45.2217
35.3412 64.0312 68.7677 67.2012 69.6348 72.6223 23.5372 23 20.6155 18 16.7631 16 15.8114 16.4012 13 50.2494 47.5184 46.0977 51.4198 42.3792 52.811 70.2922 0 30.2324 48.8774 7 10.6301 40.6079 21.1896 31.3209 27.7308 32.5269 24.0416 20.6155 20.2485 19.8494 16.1245 25.4951
18.0278 36.2491 40.3113 39.9249 42.72 44.7214 50 47.1699 47.634 43.0116 44.5982 41.4005 43.8634 46.0977 39.0512 27.7308 24.1661 21.1896 25.4951 15.2971 25 42.0595 30.2324 0 25 26.9258 20.1246 15 11.1803 9.434 15.2643 6.3246 18.9737 17.1172 10 12.1655 23.0217 6
14.1421 17 22.3607 19.2094 21.2132 25 71.5891 69.6419 68.8767 65 65.2993 63.1585 64.4127 65.192 60.4152 44.6542 41.3401 37.7359 39.0512 31.7648 35.3553 23.3238 48.8774 25 0 43.0116 38.4708 10 35.3553 33.3766 21.4009 19.105 26.1725 28.6007 32.0156 29.5466 34.7131 25.7099
29.1548 58.7282 63.6396 61.7171 64.0312 67.2681 30.4138 30 27.4591 25 23.5372 23 22.561 22.3607 20 50.04 47 45.0999 50.2494 40.6079 50.9902 65.0692 7 26.9258 43.0116 0 7.0711 35.3553 20 30.0666 21.6333 28.0179 17.4642 14.4222 17.4642 15.2643 9.2195 21.4709
25.2982 53.4135 58.1378 56.6127 59.0762 62.0081 33.2415 31.7805 30.4631 26.9258 26.8328 25 25.9422 27.0185 22.1359 43.1045 40.0125 38.0526 43.1856 33.541 43.9318 59.6657 10.6301 20.1246 38.4708 7.0711 0 30 13.0384 23.0217 17.72 21.9317 15 11.0454 10.4403 9.2195 9.434 15
10 23.4307 28.2843 26.6271 29.1548 32.0156 62.6498 60.4152 60.0333 55.9017 56.6039 54.1202 55.7584 57.0088 51.4782 36.7967 33.3017 29.7321 32.0156 23.4307 29.1548 29.7321 40.6079 15 10 35.3553 30 0 25.4951 23.5372 14.7648 9.2195 20.1246 21.4009 22.4722 20.8087 28.0179 16.1555
25.4951 47.4236 51.4782 51.0784 53.8516 55.9017 39.0512 36.0555 36.7967 32.0156 33.9706 30.4795 33.3017 36.0555 28.2843 30.0666 27 25.1794 30.4138 21.1896 31.6228 53.2353 21.1896 11.1803 35.3553 20 13.0384 25.4951 0 10.198 19.6977 16.2788 20.6155 16.9706 5 10.6301 20.1246 10.0499
27.4591 42.2019 45.5412 46.0977 49.0306 50.2892 47.4236 43.8634 45.4533 40.3609 43.0116 39.0512 42.4382 45.6508 37.2022 20.3961 17.1172 15.0333 20.2237 11.1803 21.5407 47.4342 31.3209 9.434 33.3766 30.0666 23.0217 23.5372 10.198 0 24.0832 15.6525 26.9258 24.1661 13.1529 18.0278 28.8617 13.6015
7.6158 37.5366 42.638 40.3113 42.5206 45.9674 50.9215 49.4773 48.1041 44.643 44.3847 42.72 43.4626 43.909 39.8497 42.9418 39.3573 36.2491 40.1622 30.0832 38.833 43.9318 27.7308 15.2643 21.4009 21.6333 17.72 14.7648 19.6977 24.0832 0 11.1803 5.3852 7.2111 14.8661 10.0499 13.4536 10.6301
12.0416 31.9061 36.4005 35.3553 38.0132 40.4969 53.8516 51.4296 51.3128 47.0106 48.0104 45.2769 47.2017 48.8365 42.72 32.45 28.8444 25.5539 29.1548 19.2354 27.6586 38.0132 32.5269 6.3246 19.105 28.0179 21.9317 9.2195 16.2788 15.6525 11.1803 0 16 15.5242 13.4164 12.8062 22.1359 7.2111
12.0416 42.638 47.8017 45.2769 47.3814 50.9902 47.5395 46.5296 44.643 41.5933 40.8044 39.6232 39.8497 39.8121 36.6742 46.6154 43.0813 40.1622 44.3847 34.2053 43.4166 49.0408 24.0416 18.9737 26.1725 17.4642 15 20.1246 20.6155 26.9258 5.3852 16 0 4.1231 15.6205 10 8.6023 13.4164
14.7648 44.5533 49.5782 47.4236 49.679 53.0377 43.9659 42.7551 41.1096 37.855 37.3363 35.9026 36.4005 36.7151 32.9848 44.2719 40.8044 38.0789 42.5793 32.3883 42.0476 50.9313 20.6155 17.1172 28.6007 14.4222 11.0454 21.4009 16.9706 24.1661 7.2111 15.5242 4.1231 0 12.0416 6.4031 6.7082 11.1803
21.095 45.2769 49.6488 48.7647 51.4296 53.8516 40.4969 38.0132 38.0132 33.6155 34.8281 31.9061 34.0588 36.1248 29.4109 33.541 30.2655 28.0179 33.0151 23.1948 33.541 51.3128 20.2485 10 32.0156 17.4642 10.4403 22.4722 5 13.1529 14.8661 13.4164 15.6205 12.0416 0 5.6569 15.8114 6.3246
17.1172 44.2041 48.9183 47.4342 49.93 52.8015 42.0476 40.1622 39.3573 35.4683 35.8469 33.6155 34.9857 36.2353 30.8707 38.3275 34.9285 32.3883 37.1214 27.0185 37.054 50.448 19.8494 12.1655 29.5466 15.2643 9.2195 20.8087 10.6301 18.0278 10.0499 12.8062 10 6.4031 5.6569 0 11.0454 6.3246
20.6155 50.9902 56.0803 53.7401 55.9017 59.4138 39.6232 39.0512 36.6742 34.0588 32.7567 32.0624 31.7805 31.3847 29.0689 49.2443 45.8912 43.4166 48.1664 38.0526 48.0104 57.3847 16.1245 23.0217 34.7131 9.2195 9.434 28.0179 20.1246 28.8617 13.4536 22.1359 8.6023 6.7082 15.8114 11.0454 0 17.0294
15.5242 39.1152 43.6005 42.5441 45.1774 47.7074 46.6476 44.2832 44.1022 39.8246 40.8044 38.0789 40 41.7253 35.5106 33.2415 29.7321 26.9258 31.4006 21.2132 31 45.2217 25.4951 6 25.7099 21.4709 15 16.1555 10.0499 13.6015 10.6301 7.2111 13.4164 11.1803 6.3246 6.3246 17.0294 0
