847.63
37
591 874 10
470 687 10
359 911 10
359 909 10
338 451 10
205 422 10
511 682 10
158 391 10
263 606 10
45 522 10
68 349 10
131 376 10
114 497 10
102 347 10
423 576 10
281 490 10
421 896 10
347 566 10
380 902 10
42 466 10
613 894 10
39 353 10
20 497 10
11 570 10
112 543 10
441 902 10
211 930 10
427 913 10
183 400 10
162 493 10
360 900 10
19 326 10
332 485 10
365 472 10
20 299 10
546 667 10
262 930 10
0 38.0789 31.6228 38.0789 40.3113 45.1774 40.05 35.0571 45 35 45.0444 55.7136 52.2015 52 50.2892 38.0526 33.541 14.1421 26.9258 47.1699 42.4264 26.9258 39.0512 20.6155 11.1803 25.2982 10 19.6469 36.0555 57.0088 42.9418 49.98 19.2354 32.2025 38.2099 20.6155 48.1664 19.2354
38.0789 0 47.4342 53.8516 47.1699 82.2253 76.9025 72.0347 81.3941 71.5891 81.0494 86.6833 82.0061 83.6301 80.4301 74.9533 71.5891 25.4951 60.208 75.6637 66.7083 26.9258 76.3217 58.5235 46.0977 58.0517 29.1548 18.868 65.192 82.4621 80.9568 82.0244 55.3173 61.131 62.3699 57.1402 70.214 18.9737
31.6228 47.4342 0 7.0711 11.1803 48.7955 43.8634 40.6079 46.0977 39.0512 44.8219 82.6075 80.1561 78.6384 78.1601 42.5206 49.2443 28.2843 25 30.4138 20 20.6155 58.5235 36.4005 25 54.037 36.0555 38.2884 22.3607 35.3553 57.3062 39.2173 28.4605 19.4165 16.1245 46.0977 22.8035 34.2053
38.0789 53.8516 7.0711 0 11.1803 49.2037 44.6542 42.0595 46.0977 40.3113 44.5982 87.1436 85 83.1505 83 43.566 52.2015 35.3553 26.9258 26.9258 15.8114 26.9258 61.8466 40.3113 30.4138 59.4138 43.0116 45.3431 21.2132 30 59.6154 36.7151 32.249 19.4165 13.0384 51.0392 17.0294 41.2311
40.3113 47.1699 11.1803 11.1803 0 59.4643 54.6717 51.614 56.5685 50 55.1725 93.2148 90.5539 89.2693 88.5664 53.4135 60.4152 33.541 36.0555 38.0789 26.9258 21.2132 69.6419 47.4342 35.3553 64.0703 42.72 42.4382 32.0156 40.3113 68.4763 47.8853 39.5601 29.6985 24.1868 56.5685 27.2947 38.0132
45.1774 82.2253 48.7955 49.2037 59.4643 0 5.3852 10.198 4 10.7703 6 54.1202 54.9181 50.6063 53.2541 7.2801 18.6011 56.7539 24.4131 29.4279 37.1618 62.1772 25.807 25.02 36.1386 42.0595 55.1453 64.6297 28.3019 39 17.4642 21.095 26.9258 29.8329 37.2156 34.176 42.0595 63.3482
40.05 76.9025 43.8634 44.6542 54.6717 5.3852 0 5 5.3852 5.3852 6.4031 53.8516 54.1202 50.1597 52.3546 2 16.4012 51.4198 19.2094 27 33.5261 56.8243 25.0799 20.2237 30.8058 38.833 50.04 59.4138 24.1661 37.3363 18.1108 20.2485 21.587 25.2389 33.1059 30.4138 38.833 58.0517
35.0571 72.0347 40.6079 42.0595 51.614 10.198 5 0 10.198 2 10.7703 52.2015 52 48.3839 50.1597 3 13.9284 46.5725 15.6205 27.4591 32.3883 52.4786 23.5372 15.2971 25.9615 34.8281 45.0444 54.4518 22.561 38.3275 18.2483 22.4722 16.7631 22.8473 31.3209 26.0768 38.1182 53.1507
45 81.3941 46.0977 46.0977 56.5685 4 5.3852 10.198 0 10 2 57.6975 58.3095 54.1202 56.6039 7.2801 21.2132 55.9017 22.3607 25.4951 33.541 60.4152 29.1548 25.4951 35.3553 44.1022 55 64.195 25 35 21.1896 17.1172 26.1725 26.8701 33.8378 35.7771 38.2753 62.6498
35 71.5891 39.0512 40.3113 50 10.7703 5.3852 2 10 0 10.198 54.1202 53.8516 50.2892 52 3.6056 15.8114 46.0977 14.1421 25.4951 30.4138 51.4782 25.4951 15.8114 25.4951 36.1248 45 54.231 20.6155 36.4005 20.2237 20.8087 16.2788 21.0238 29.4109 27.2029 36.1248 52.7731
45.0444 81.0494 44.8219 44.5982 55.1725 6 6.4031 10.7703 2 10.198 0 59.5063 60.0333 55.9017 58.3095 8.0623 22.6716 55.5788 21.5407 23.5372 31.7648 59.6154 30.8869 25.9615 35.1283 45.2217 55.0364 64.0703 23.4307 33 23.0868 15.1327 26.0192 25.4951 32.2025 36.7151 36.4005 62.3939
55.7136 86.6833 82.6075 87.1436 93.2148 54.1202 53.8516 52.2015 57.6975 54.1202 59.5063 0 5.3852 4 6.4031 53.1413 38.3275 68.8767 62.2013 79.555 82.6075 82.6378 28.7924 47 57.8705 30.4631 60.0333 69.0652 72.6911 90.5207 36.7151 74.0945 55.0091 71.2531 80.2247 36.6742 88.8144 71.3442
52.2015 82.0061 80.1561 85 90.5539 54.9181 54.1202 52 58.3095 53.8516 60.0333 5.3852 0 5.3852 2 53.2259 38.0789 65 60.8276 79.0569 81.3941 79.0569 29.1548 45.2769 55.2268 26.9258 55.9017 64.6607 71.5891 90.1388 37.8021 74.2496 53.1507 69.8713 78.7718 34.0588 87.6641 67.1193
52 83.6301 78.6384 83.1505 89.2693 50.6063 50.1597 48.3839 54.1202 50.2892 55.9017 4 5.3852 0 5 49.3964 34.4819 65.2993 58.2151 75.6902 78.6384 78.924 25.0799 43 53.9351 26.8328 56.6039 65.8027 68.7314 86.6833 33.2866 70.3847 51.0098 67.2681 76.2365 32.7567 84.8528 67.9559
50.2892 80.4301 78.1601 83 88.5664 53.2541 52.3546 50.1597 56.6039 52 58.3095 6.4031 2 5 0 51.4296 36.2491 63.1585 58.8558 77.1622 79.4292 77.1622 27.4591 43.2897 53.2353 25 54.1202 62.9682 69.6348 88.2553 36.2353 72.45 51.1566 67.897 76.7919 32.0624 85.703 65.3682
38.0526 74.9533 42.5206 43.566 53.4135 7.2801 2 3 7.2801 3.6056 8.0623 53.1413 53.2259 49.3964 51.4296 0 15.2643 49.4773 17.6918 27.074 32.9848 55.0727 24.3516 18.2483 28.8617 37.2022 48.0416 57.4282 23.4094 37.6563 18 21.0238 19.6469 24.1868 32.311 28.6531 38.4708 56.0892
33.541 71.5891 49.2443 52.2015 60.4152 18.6011 16.4012 13.9284 21.2132 15.8114 22.6716 38.3275 38.0789 34.4819 36.2491 15.2643 0 47.1699 25.4951 41.2311 45 56.5685 10 14.1421 28.2843 23.7697 42.72 52.9245 35 52.2015 9.434 36.2353 21.095 34.2345 43.1856 17.0294 51.0392 52.7731
14.1421 25.4951 28.2843 35.3553 33.541 56.7539 51.4198 46.5725 55.9017 46.0977 55.5788 68.8767 65 65.2993 63.1585 49.4773 47.1699 0 35 52.2015 44.7214 15 53.1507 33.541 20.6155 38.4708 10 10.2956 41.2311 60.4152 56.6039 57.4282 29.8329 37.108 40.2492 34.7131 49.3964 7.0711
26.9258 60.208 25 26.9258 36.0555 24.4131 19.2094 15.6205 22.3607 14.1421 21.5407 62.2013 60.8276 58.2151 58.8558 17.6918 25.4951 35 0 21.2132 20.6155 38.0789 35.3553 15.8114 15.8114 38.0132 36.4005 44.2832 11.1803 32.0156 32.6956 23.0868 9.2195 9.0554 18.0278 28.6356 26.9258 42.0119
47.1699 75.6637 30.4138 26.9258 38.0789 29.4279 27 27.4591 25.4951 25.4951 23.5372 79.555 79.0569 75.6902 77.1622 27.074 41.2311 52.2015 21.2132 0 11.1803 50 50.9902 36.0555 36.0555 58.5235 55.9017 62.2977 11.1803 11.1803 45.0444 10.6301 30.4138 15.2315 14.3178 49.0918 13.6015 59.203
42.4264 66.7083 20 15.8114 26.9258 37.1618 33.5261 32.3883 33.541 30.4138 31.7648 82.6075 81.3941 78.6384 79.4292 32.9848 45 44.7214 20.6155 11.1803 0 40.3113 55 36.4005 32.0156 58.3095 50 55.0091 10 15.8114 50.636 21.4009 29.1548 11.7047 4.4721 49.0408 6.3246 51.4782
26.9258 26.9258 20.6155 26.9258 21.2132 62.1772 56.8243 52.4786 60.4152 51.4782 59.6154 82.6378 79.0569 78.924 77.1622 55.0727 56.5685 15 38.0789 50 40.3113 0 64.0312 42.4264 28.2843 52.2015 25 21.9317 40.3113 55.9017 65.7951 57.5587 36.4005 36.4966 36.1248 47.0106 43.4166 17.4642
39.0512 76.3217 58.5235 61.8466 69.6419 25.807 25.0799 23.5372 29.1548 25.4951 30.8869 28.7924 29.1548 25.0799 27.4591 24.3516 10 53.1507 35.3553 50.9902 55 64.0312 0 22.3607 36.0555 22.0227 47.1699 57.4543 45 61.8466 9.434 45.31 30.0832 44.1814 53.1507 19.2354 61.0328 58.0086
20.6155 58.5235 36.4005 40.3113 47.4342 25.02 20.2237 15.2971 25.4951 15.8114 25.9615 47 45.2769 43 43.2897 18.2483 14.1421 33.541 15.8114 36.0555 36.4005 42.4264 22.3607 0 14.1421 22.4722 30.4138 40.2616 26.9258 47.1699 23.4307 34.8281 8.0623 24.7386 33.541 13.0384 42.72 39.5601
11.1803 46.0977 25 30.4138 35.3553 36.1386 30.8058 25.9615 35.3553 25.4951 35.1283 57.8705 55.2268 53.9351 53.2353 28.8617 28.2843 20.6155 15.8114 36.0555 32.0156 28.2843 36.0555 14.1421 0 29.0689 20.6155 29 25 46.0977 37.5366 38.8973 9.2195 21.2603 28.0179 21.2132 38.0132 27.2947
25.2982 58.0517 54.037 59.4138 64.0703 42.0595 38.833 34.8281 44.1022 36.1248 45.2217 30.4631 26.9258 26.8328 25 37.2022 23.7697 38.4708 38.0132 58.5235 58.3095 52.2015 22.0227 22.4722 29.0689 0 30 39.6232 49.1935 69.6419 30.2655 56.5862 29.1548 46.6154 55.0273 9.434 64.622 41.4005
10 29.1548 36.0555 43.0116 42.72 55.1453 50.04 45.0444 55 45 55.0364 60.0333 55.9017 56.6039 54.1202 48.0416 42.72 10 36.4005 55.9017 50 25 47.1699 30.4138 20.6155 30 0 10.2956 44.7214 65.192 52 59.4811 29.1548 40.7063 45.607 28.0179 55.3173 11.4018
19.6469 18.868 38.2884 45.3431 42.4382 64.6297 59.4138 54.4518 64.195 54.231 64.0703 69.0652 64.6607 65.8027 62.9682 57.4282 52.9245 10.2956 44.2832 62.2977 55.0091 21.9317 57.4543 40.2616 29 39.6232 10.2956 0 51.2445 70.6824 62.2415 67.082 38.0526 47.1275 50.5371 38.2753 59.6825 4.4721
36.0555 65.192 22.3607 21.2132 32.0156 28.3019 24.1661 22.561 25 20.6155 23.4307 72.6911 71.5891 68.7314 69.6348 23.4094 35 41.2311 11.1803 11.1803 10 40.3113 45 26.9258 25 49.1935 44.7214 51.2445 0 21.2132 40.7922 17.2627 20.2485 4.1231 8.9443 39.8121 16.1245 48.2701
57.0088 82.4621 35.3553 30 40.3113 39 37.3363 38.3275 35 36.4005 33 90.5207 90.1388 86.6833 88.2553 37.6563 52.2015 60.4152 32.0156 11.1803 15.8114 55.9017 61.8466 47.1699 46.0977 69.6419 65.192 70.6824 21.2132 0 55.4437 18.1108 41.2311 24.8395 20.2485 60.208 13.0384 67.2309
42.9418 80.9568 57.3062 59.6154 68.4763 17.4642 18.1108 18.2483 21.1896 20.2237 23.0868 36.7151 37.8021 33.2866 36.2353 18 9.434 56.6039 32.6956 45.0444 50.636 65.7951 9.434 23.4307 37.5366 30.2655 52 62.2415 40.7922 55.4437 0 38.0789 29.8329 40.8044 49.4773 25.318 56.3205 62.1772
49.98 82.0244 39.2173 36.7151 47.8853 21.095 20.2485 22.4722 17.1172 20.8087 15.1327 74.0945 74.2496 70.3847 72.45 21.0238 36.2353 57.4282 23.0868 10.6301 21.4009 57.5587 45.31 34.8281 38.8973 56.5862 59.4811 67.082 17.2627 18.1108 38.0789 0 31.305 21.095 23.7065 47.3814 24.2074 64.4981
19.2354 55.3173 28.4605 32.249 39.5601 26.9258 21.587 16.7631 26.1725 16.2788 26.0192 55.0091 53.1507 51.0098 51.1566 19.6469 21.095 29.8329 9.2195 30.4138 29.1548 36.4005 30.0832 8.0623 9.2195 29.1548 29.1548 38.0526 20.2485 41.2311 29.8329 31.305 0 17.4642 25.9615 19.9249 35.4683 36.4966
32.2025 61.131 19.4165 19.4165 29.6985 29.8329 25.2389 22.8473 26.8701 21.0238 25.4951 71.2531 69.8713 67.2681 67.897 24.1868 34.2345 37.108 9.0554 15.2315 11.7047 36.4966 44.1814 24.7386 21.2603 46.6154 40.7063 47.1275 4.1231 24.8395 40.8044 21.095 17.4642 0 9 37.3363 18.0278 44.1475
38.2099 62.3699 16.1245 13.0384 24.1868 37.2156 33.1059 31.3209 33.8378 29.4109 32.2025 80.2247 78.7718 76.2365 76.7919 32.311 43.1856 40.2492 18.0278 14.3178 4.4721 36.1248 53.1507 33.541 28.0179 55.0273 45.607 50.5371 8.9443 20.2485 49.4773 23.7065 25.9615 9 0 45.8803 10 47.0106
20.6155 57.1402 46.0977 51.0392 56.5685 34.176 30.4138 26.0768 35.7771 27.2029 36.7151 36.6742 34.0588 32.7567 32.0624 28.6531 17.0294 34.7131 28.6356 49.0918 49.0408 47.0106 19.2354 13.0384 21.2132 9.434 28.0179 38.2753 39.8121 60.208 25.318 47.3814 19.9249 37.3363 45.8803 0 55.3624 39.0512
48.1664 70.214 22.8035 17.0294 27.2947 42.0595 38.833 38.1182 38.2753 36.1248 36.4005 88.8144 87.6641 84.8528 85.703 38.4708 51.0392 49.3964 26.9258 13.6015 6.3246 43.4166 61.0328 42.72 38.0132 64.622 55.3173 59.6825 16.1245 13.0384 56.3205 24.2074 35.4683 18.0278 10 55.3624 0 55.9464
19.2354 18.9737 34.2053 41.2311 38.0132 63.3482 58.0517 53.1507 62.6498 52.7731 62.3939 71.3442 67.1193 67.9559 65.3682 56.0892 52.7731 7.0711 42.0119 59.203 51.4782 17.4642 58.0086 39.5601 27.2947 41.4005 11.4018 4.4721 48.2701 67.2309 62.1772 64.4981 36.4966 44.1475 47.0106 39.0512 55.9464 0
