839.24
32
0 911 10
0 919 10
0 910 10
644 764 10
0 909 10
0 916 10
0 914 10
367 487 10
0 918 10
195 315 10
0 917 10
0 914 10
174 294 10
0 908 10
0 909 10
0 912 10
0 912 10
0 911 10
375 495 10
599 719 10
0 923 10
0 934 10
0 940 10
157 277 10
0 930 10
0 910 10
0 917 10
352 472 10
0 935 10
0 932 10
0 935 10
810 930 10
0 38.0789 30.8058 39.3573 36.0555 40.3113 33.3017 35.3553 39.0512 31.6228 33.5261 32.3883 35.3553 39.2938 41.2311 40.3113 37.7359 37.2022 38.3275 20 14.1421 26.9258 15.8114 10 9.2195 19.6469 39.2938 32.5576 38.4708 14.7648 17.8885 14.1421 19.2354
38.0789 0 10.4403 3 7.0711 5 12.2066 14.1421 11.1803 47.4342 48.1041 43.4626 44.7214 50.5371 51.4782 47.1699 5.831 8.6023 46.1411 35.3553 25.4951 26.9258 28.2843 29.1548 33.541 18.868 33.9706 33.6155 25.4951 42.0476 27.0185 33.0151 18.9737
30.8058 10.4403 0 10 5.3852 10.198 4 7 8.6023 37 37.6962 33.1059 34.4819 40.3113 41.3401 37.2022 7.2801 6.4031 36.0555 25.0799 17 16.5529 25.0799 23.4307 24.6982 14.3178 25 23.6008 17.4642 32.3883 17.1172 23.3452 12.0416
39.3573 3 10 0 5.3852 2 10.7703 12.2066 8.6023 46.5725 47.1275 42.3792 43.4626 49.2443 50.0899 45.6508 3.6056 6.4031 44.7214 35.0571 26.2488 25.9615 30.4795 30.8058 34.2053 20.6155 32.0156 32.2025 23.3452 42.2966 27.074 33.2415 20.1246
36.0555 7.0711 5.3852 5.3852 0 5 5.3852 7.0711 5 41.2311 41.7612 37 38.0789 43.8634 44.7214 40.3113 2 2 39.3573 30 22.3607 20.6155 29.1548 28.2843 30.0832 18.6011 26.9072 26.8328 18.4391 37.6563 22.3607 28.6356 17.0294
40.3113 5 10.198 2 5 0 10.198 11.1803 7.0711 46.0977 46.5725 41.7612 42.72 48.4665 49.2443 44.7214 3 5.3852 43.8634 35 26.9258 25.4951 32.0156 32.0156 34.7851 21.9317 30.8058 31.3847 22.0227 42.5793 27.2947 33.541 21.095
33.3017 12.2066 4 10.7703 5.3852 10.198 0 3 5.831 35.9026 36.4005 31.6228 32.6956 38.4838 39.3573 34.9857 7.2801 5 34 25.0799 19.2094 15.2971 28.7924 26.6271 26.4197 18.0278 21.9317 21.4709 13.8924 33.2415 18.0278 24.3516 15.2643
35.3553 14.1421 7 12.2066 7.0711 11.1803 3 0 5 35.3553 35.6931 30.8058 31.6228 37.3363 38.0789 33.541 8.6023 5.831 32.6956 25.4951 21.2132 15 31.6228 29.1548 28.0179 20.8806 19.8494 20.2485 11.4018 34.176 19.2354 25.4951 17.8885
39.0512 11.1803 8.6023 8.6023 5 7.0711 5.831 5 0 40.3113 40.6079 35.6931 36.4005 42.0595 42.72 38.0789 5.3852 3 37.3363 30.4138 25 20 33.541 32.0156 32.249 22.8254 23.8537 25 15 38.8973 23.7697 30.0832 20.6155
31.6228 47.4342 37 46.5725 41.2311 46.0977 35.9026 35.3553 40.3113 0 2 5.3852 7.0711 8 10 11.1803 43.1741 40.7922 9.434 14.1421 28.2843 20.6155 43.0116 36.0555 24.1868 38.2884 21.5407 16.1245 28.2843 17.2627 22.8035 20 34.2053
33.5261 48.1041 37.6962 47.1275 41.7612 46.5725 36.4005 35.6931 40.6079 2 0 5 5.831 6 8 9.434 43.6807 41.2311 7.8102 15.6205 29.7321 21.1896 44.6542 37.7359 25.9422 39.6232 20.8806 16 28.0713 19.2354 24.0832 21.6333 35.4683
32.3883 43.4626 33.1059 42.3792 37 41.7612 31.6228 30.8058 35.6931 5.3852 5 0 3 7.8102 9.434 8 38.8973 36.4005 6 13 26.6271 16.5529 42.0595 35.3412 24.0416 36.1248 16.1555 11 23.0868 19.105 20.6155 19.3132 31.8277
35.3553 44.7214 34.4819 43.4626 38.0789 42.72 32.6956 31.6228 36.4005 7.0711 5.831 3 0 5.831 7.0711 5 39.9249 37.3363 3 15.8114 29.1548 18.0278 44.7214 38.0789 26.9258 38.4187 15.2971 11.4018 23.0217 22.0907 23.0217 22.1359 34.0588
39.2938 50.5371 40.3113 49.2443 43.8634 48.4665 38.4838 37.3363 42.0595 8 6 7.8102 5.831 0 2 5.3852 45.6946 43.0813 5 20.5913 34.4093 23.8537 49.7393 42.9418 31.3847 43.9318 20 17.088 28.2843 25.1794 28.4253 26.8328 39.6232
41.2311 51.4782 41.3401 50.0899 44.7214 49.2443 39.3573 38.0789 42.72 10 8 9.434 7.0711 2 0 5 46.5188 43.8634 5.3852 22.3607 36.0555 25 51.4782 44.7214 33.2415 45.4533 20.0998 17.8885 28.6356 27.1662 30 28.6356 41.1096
40.3113 47.1699 37.2022 45.6508 40.3113 44.7214 34.9857 33.541 38.0789 11.1803 9.434 8 5 5.3852 5 0 42.0595 39.3573 2 20.6155 33.541 21.2132 49.2443 42.72 31.7805 42.4382 15.1327 13.6015 23.7697 27.074 27.2947 26.9258 38.0132
37.7359 5.831 7.2801 3.6056 2 3 7.2801 8.6023 5.3852 43.1741 43.6807 38.8973 39.9249 45.6946 46.5188 42.0595 0 2.8284 41.1461 32 24.1661 22.561 30.2324 29.7321 31.9531 19.8494 28.4253 28.6356 19.799 39.6232 24.3311 30.5941 18.6011
37.2022 8.6023 6.4031 6.4031 2 5.3852 5 5.831 3 40.7922 41.2311 36.4005 37.3363 43.0813 43.8634 39.3573 2.8284 0 38.4838 30.0666 23.3238 20.2237 30.8869 29.7321 30.8707 20.2485 25.6125 26 16.9706 38.0789 22.8035 29.1204 18.3848
38.3275 46.1411 36.0555 44.7214 39.3573 43.8634 34 32.6956 37.3363 9.434 7.8102 6 3 5 5.3852 2 41.1461 38.4838 0 18.6815 31.7648 19.8494 47.4236 40.8534 29.8329 40.8044 15 12.53 23.3452 25.0799 25.5539 25 36.4005
20 35.3553 25.0799 35.0571 30 35 25.0799 25.4951 30.4138 14.1421 15.6205 13 15.8114 20.5913 22.3607 20.6155 32 30.0666 18.6815 0 14.1421 11.1803 29.1548 22.3607 11.1803 24.2074 20.5913 13.4164 22.8035 9.8995 8.9443 6.3246 20.2485
14.1421 25.4951 17 26.2488 22.3607 26.9258 19.2094 21.2132 25 28.2843 29.7321 26.6271 29.1548 34.4093 36.0555 33.541 24.1661 23.3238 31.7648 14.1421 0 15 15.8114 10 8.0623 10.2956 28 22.3607 25.2982 17.2627 6.3246 8.9443 7.0711
26.9258 26.9258 16.5529 25.9615 20.6155 25.4951 15.2971 15 20 20.6155 21.1896 16.5529 18.0278 23.8537 25 21.2132 22.561 20.2237 19.8494 11.1803 15 0 30.4138 25 17.8885 21.9317 13 8.0623 12.0416 20.8087 9.2195 13.6015 17.4642
15.8114 28.2843 25.0799 30.4795 29.1548 32.0156 28.7924 31.6228 33.541 43.0116 44.6542 42.0595 44.7214 49.7393 51.4782 49.2443 30.2324 30.8869 47.4236 29.1548 15.8114 30.4138 0 7.0711 19.105 10.7703 43.2897 38.0789 39.1152 28.4253 22.1359 23.0217 14.1421
10 29.1548 23.4307 30.8058 28.2843 32.0156 26.6271 29.1548 32.0156 36.0555 37.7359 35.3412 38.0789 42.9418 44.7214 42.72 29.7321 29.7321 40.8534 22.3607 10 25 7.0711 0 12.0416 10.2956 38 32.249 34.9285 21.4009 16.1245 16.1245 11.4018
9.2195 33.541 24.6982 34.2053 30.0832 34.7851 26.4197 28.0179 32.249 24.1868 25.9422 24.0416 26.9258 31.3847 33.2415 31.7805 31.9531 30.8707 29.8329 11.1803 8.0623 17.8885 19.105 12.0416 0 17.4642 30.0832 23.3452 29.6816 9.8489 9.2195 5 15
19.6469 18.868 14.3178 20.6155 18.6011 21.9317 18.0278 20.8806 22.8254 38.2884 39.6232 36.1248 38.4187 43.9318 45.4533 42.4382 19.8494 20.2485 40.8044 24.2074 10.2956 21.9317 10.7703 10.2956 17.4642 0 34.2053 29.9666 29.0172 27.2029 15.5563 19.2354 4.4721
39.2938 33.9706 25 32.0156 26.9072 30.8058 21.9317 19.8494 23.8537 21.5407 20.8806 16.1555 15.2971 20 20.0998 15.1327 28.4253 25.6125 15 20.5913 28 13 43.2897 38 30.0832 34.2053 0 7.2111 8.9443 30.2324 22.0907 25.2982 29.8329
32.5576 33.6155 23.6008 32.2025 26.8328 31.3847 21.4709 20.2485 25 16.1245 16 11 11.4018 17.088 17.8885 13.6015 28.6356 26 12.53 13.4164 22.3607 8.0623 38.0789 32.249 23.3452 29.9666 7.2111 0 12.1655 23.0217 16.1245 18.4391 25.4951
38.4708 25.4951 17.4642 23.3452 18.4391 22.0227 13.8924 11.4018 15 28.2843 28.0713 23.0868 23.0217 28.2843 28.6356 23.7697 19.799 16.9706 23.3452 22.8035 25.2982 12.0416 39.1152 34.9285 29.6816 29.0172 8.9443 12.1655 0 32.6497 20.5913 25.6125 25.02
14.7648 42.0476 32.3883 42.2966 37.6563 42.5793 33.2415 34.176 38.8973 17.2627 19.2354 19.105 22.0907 25.1794 27.1662 27.074 39.6232 38.0789 25.0799 9.8995 17.2627 20.8087 28.4253 21.4009 9.8489 27.2029 30.2324 23.0217 32.6497 0 15.2971 9.0554 24.3311
17.8885 27.0185 17.1172 27.074 22.3607 27.2947 18.0278 19.2354 23.7697 22.8035 24.0832 20.6155 23.0217 28.4253 30 27.2947 24.3311 22.8035 25.5539 8.9443 6.3246 9.2195 22.1359 16.1245 9.2195 15.5563 22.0907 16.1245 20.5913 15.2971 0 6.3246 11.4018
14.1421 33.0151 23.3452 33.2415 28.6356 33.541 24.3516 25.4951 30.0832 20 21.6333 19.3132 22.1359 26.8328 28.6356 26.9258 30.5941 29.1204 25 6.3246 8.9443 13.6015 23.0217 16.1245 5 19.2354 25.2982 18.4391 25.6125 9.0554 6.3246 0 15.8114
19.2354 18.9737 12.0416 20.1246 17.0294 21.095 15.2643 17.8885 20.6155 34.2053 35.4683 31.8277 34.0588 39.6232 41.1096 38.0132 18.6011 18.3848 36.4005 20.2485 7.0711 17.4642 14.1421 11.4018 15 4.4721 29.8329 25.4951 25.02 24.3311 11.4018 15.8114 0
