870.52
40
371 491 10
653 773 10
0 904 10
0 909 10
0 914 10
0 905 10
0 915 10
201 321 10
0 914 10
784 904 10
0 891 10
0 892 10
0 894 10
0 897 10
0 898 10
0 899 10
0 898 10
0 898 10
0 902 10
0 904 10
0 911 10
0 914 10
0 925 10
0 923 10
782 902 10
0 907 10
167 287 10
0 910 10
0 938 10
645 765 10
0 892 10
268 388 10
764 884 10
0 930 10
0 914 10
0 917 10
359 479 10
0 897 10
0 901 10
308 428 10
0 33.541 38.0789 45.1774 40.05 35.0571 45 35 45.0444 35.0571 45.2769 58.5235 57.0088 55.7136 52.2015 52 50.2892 51.0784 51.4782 47.4342 45.0444 38.0526 35.3412 25 26.9258 47.1699 42.4264 29.1548 39.0512 11.1803 36.0555 57.0088 42.9418 49.98 19.2354 35.4683 32.2025 38.2099 52.4786 48.1664 20.5183
33.541 0 5 45.3431 40.6079 37.7359 42.4264 36.0555 41.0366 34.4093 39.0512 85.1469 85 82.1523 80 78.1601 78 77.1622 75.6637 75 43.8634 39.4081 62 15.8114 22.3607 25.4951 15 55 57.0088 25.4951 18.0278 30.4138 55.0364 34.5398 27.2947 54.3415 15.5563 11.1803 64.4127 18.0278 16
38.0789 5 0 49.2037 44.6542 42.0595 46.0977 40.3113 44.5982 38.5876 42.4264 90.1388 90 87.1436 85 83.1505 83 82.1523 80.6226 80 47.634 43.566 67 20.6155 26.9258 26.9258 15.8114 60 61.8466 30.4138 21.2132 30 59.6154 36.7151 32.249 59.2284 19.4165 13.0384 68.8767 17.0294 21
45.1774 45.3431 49.2037 0 5.3852 10.198 4 10.7703 6 11.6619 9 56.7979 59.1692 54.1202 54.9181 50.6063 53.2541 49.7393 45.618 50.8035 2 7.2801 41.0366 31.4006 24.4131 29.4279 37.1618 36.6197 25.807 36.1386 28.3019 39 17.4642 21.095 26.9258 26.1725 29.8329 37.2156 23 42.0595 34.9857
40.05 40.6079 44.6542 5.3852 0 5 5.3852 5.3852 6.4031 6.4031 8.6023 56.648 58.6003 53.8516 54.1202 50.1597 52.3546 49.2443 45.5412 49.7393 5 2 39.0512 26.2488 19.2094 27 33.5261 33.9706 25.0799 30.8058 24.1661 37.3363 18.1108 20.2485 21.587 24.6982 25.2389 33.1059 25.4951 38.833 29.6816
35.0571 37.7359 42.0595 10.198 5 0 10.198 2 10.7703 4 12.2066 55.0818 56.648 52.2015 52 48.3839 50.1597 47.4342 44.1475 47.4236 10 3 36.0555 22.6716 15.6205 27.4591 32.3883 30.4795 23.5372 25.9615 22.561 38.3275 18.2483 22.4722 16.7631 22.4722 22.8473 31.3209 26.9258 38.1182 25.6125
45 42.4264 46.0977 4 5.3852 10.198 0 10 2 10.198 5 60.4152 62.6498 57.6975 58.3095 54.1202 56.6039 53.2353 49.2443 54.0833 2 7.2801 43.8634 29.1548 22.3607 25.4951 33.541 39.0512 29.1548 35.3553 25 35 21.1896 17.1172 26.1725 29.2062 26.8701 33.8378 27 38.2753 33.1059
35 36.0555 40.3113 10.7703 5.3852 2 10 0 10.198 2 11.1803 57.0088 58.5235 54.1202 53.8516 50.2892 52 49.3356 46.0977 49.2443 10.198 3.6056 37.7359 21.2132 14.1421 25.4951 30.4138 32.0156 25.4951 25.4951 20.6155 36.4005 20.2237 20.8087 16.2788 24.3516 21.0238 29.4109 28.7924 36.1248 24.4131
45.0444 41.0366 44.5982 6 6.4031 10.7703 2 10.198 0 10 3 62.2415 64.4127 59.5063 60.0333 55.9017 58.3095 55.0091 51.0784 55.7584 4 8.0623 45.3431 28.178 21.5407 23.5372 31.7648 40.3609 30.8869 35.1283 23.4307 33 23.0868 15.1327 26.0192 30.8058 25.4951 32.2025 29 36.4005 32.311
35.0571 34.4093 38.5876 11.6619 6.4031 4 10.198 2 10 0 10.4403 58.9406 60.407 56.0446 55.7136 52.2015 53.8516 51.2445 48.0521 51.0784 10.7703 5 39.4462 19.8494 12.8062 23.5372 28.4429 33.6006 27.4591 25.1794 18.6815 34.4819 22.2036 19.2094 16.0312 26.2488 19.2354 27.5136 30.6757 34.1321 23.3238
45.2769 39.0512 42.4264 9 8.6023 12.2066 5 11.1803 3 10.4403 0 65 67.082 62.2415 62.6498 58.6003 60.9016 57.6975 53.8516 58.3095 7 9.8995 47.634 26.9258 20.6155 20.6155 29.1548 42.4264 33.541 35 21.2132 30 25.9615 12.1655 26.0768 33.2866 23.6008 29.8329 32 33.6155 31.3209
58.5235 85.1469 90.1388 56.7979 56.648 55.0818 60.4152 57.0088 62.2415 58.9406 65 0 5 3 7.0711 7 8.6023 8 11.1803 11.1803 58.6003 55.9732 23.5372 70 65.192 82.4621 85.5862 30.4138 31.6228 60.8276 75.6637 93.4077 39.3573 76.896 58.0086 32.7567 74.2428 83.2166 37.5366 91.7878 69.1809
57.0088 85 90 59.1692 58.6003 56.648 62.6498 58.5235 64.4127 60.407 67.082 5 0 5.831 5 8.6023 7 9.434 14.1421 10 60.9016 57.7754 23 70.1783 65.7647 83.8153 86.3134 30 33.541 60.208 76.4853 94.8683 41.8808 78.7909 58.1378 34.176 74.8131 83.7257 41.0366 92.5743 69
55.7136 82.1523 87.1436 54.1202 53.8516 52.2015 57.6975 54.1202 59.5063 56.0446 62.2415 3 5.831 0 5.3852 4 6.4031 5 8.6023 8.6023 55.9017 53.1413 20.6155 67 62.2013 79.555 82.6075 27.4591 28.7924 57.8705 72.6911 90.5207 36.7151 74.0945 55.0091 29.8329 71.2531 80.2247 35.3553 88.8144 66.1891
52.2015 80 85 54.9181 54.1202 52 58.3095 53.8516 60.0333 55.7136 62.6498 7.0711 5 5.3852 0 5.3852 2 5.831 11.1803 5 56.6039 53.2259 18 65.192 60.8276 79.0569 81.3941 25 29.1548 55.2268 71.5891 90.1388 37.8021 74.2496 53.1507 29.5466 69.8713 78.7718 37.8021 87.6641 64
52 78.1601 83.1505 50.6063 50.1597 48.3839 54.1202 50.2892 55.9017 52.2015 58.6003 7 8.6023 4 5.3852 0 5 1 5.831 5.831 52.3546 49.3964 16.7631 63 58.2151 75.6902 78.6384 23.5372 25.0799 53.9351 68.7314 86.6833 33.2866 70.3847 51.0098 25.9615 67.2681 76.2365 32.6497 84.8528 62.2013
50.2892 78 83 53.2541 52.3546 50.1597 56.6039 52 58.3095 53.8516 60.9016 8.6023 7 6.4031 2 5 0 5.099 10.4403 3 54.9181 51.4296 16 63.1981 58.8558 77.1622 79.4292 23 27.4591 53.2353 69.6348 88.2553 36.2353 72.45 51.1566 27.7308 67.897 76.7919 36.6197 85.703 62
51.0784 77.1622 82.1523 49.7393 49.2443 47.4342 53.2353 49.3356 55.0091 51.2445 57.6975 8 9.434 5 5.831 1 5.099 0 5.3852 5.3852 51.4782 48.4665 15.8114 62 57.2189 74.7262 77.6466 22.561 24.1661 52.9528 67.7422 85.7263 32.45 69.4622 50.01 25 66.2722 75.2396 32.0156 83.863 61.2046
51.4782 75.6637 80.6226 45.618 45.5412 44.1475 49.2443 46.0977 51.0784 48.0521 53.8516 11.1803 14.1421 8.6023 11.1803 5.831 10.4403 5.3852 0 10 47.4236 44.9222 16.4012 60.208 55 71.5891 75.1665 22.3607 20.6155 52.2015 65.192 82.4621 28.178 65.7875 48.3735 22.0907 64.0078 73.0068 26.9072 81.3019 59.8415
47.4342 75 80 50.8035 49.7393 47.4236 54.0833 49.2443 55.7584 51.0784 58.3095 11.1803 10 8.6023 5 5.831 3 5.3852 10 0 52.4309 48.7647 13 60.208 55.9017 74.3303 76.4853 20 25 50.2494 66.7083 85.44 33.9706 69.7711 48.1664 25.0599 64.9384 73.8241 34.9857 82.7647 59
45.0444 43.8634 47.634 2 5 10 2 10.198 4 10.7703 7 58.6003 60.9016 55.9017 56.6039 52.3546 54.9181 51.4782 47.4236 52.4309 0 7 42.4264 30.2324 23.3238 27.4591 35.3412 37.8021 27.4591 35.6931 26.6271 37 19.3132 19.105 26.4764 27.6586 28.3196 35.5106 25 40.1622 34
38.0526 39.4081 43.566 7.2801 2 3 7.2801 3.6056 8.0623 5 9.8995 55.9732 57.7754 53.1413 53.2259 49.3964 51.4296 48.4665 44.9222 48.7647 7 0 37.8021 24.7588 17.6918 27.074 32.9848 32.5269 24.3516 28.8617 23.4094 37.6563 18 21.0238 19.6469 23.7065 24.1868 32.311 25.9615 38.4708 28.0179
35.3412 62 67 41.0366 39.0512 36.0555 43.8634 37.7359 45.3431 39.4462 47.634 23.5372 23 20.6155 18 16.7631 16 15.8114 16.4012 13 42.4264 37.8021 0 47.2652 43.1741 62.2415 63.7887 7 16.5529 37.3363 54.1202 73.4098 25.9422 58.5235 35.2278 15 52.1728 61 30.4138 70.0928 46
25 15.8114 20.6155 31.4006 26.2488 22.6716 29.1548 21.2132 28.178 19.8494 26.9258 70 70.1783 67 65.192 63 63.1981 62 60.208 60.208 30.2324 24.7588 47.2652 0 7.0711 22.3607 18.0278 40.3113 41.2311 14.1421 11.1803 32.0156 39.3573 27.074 12.0416 38.6394 7.2111 14.3178 48.8774 24.1868 5.099
26.9258 22.3607 26.9258 24.4131 19.2094 15.6205 22.3607 14.1421 21.5407 12.8062 20.6155 65.192 65.7647 62.2013 60.8276 58.2151 58.8558 57.2189 55 55.9017 23.3238 17.6918 43.1741 7.0711 0 21.2132 20.6155 36.4005 35.3553 15.8114 11.1803 32.0156 32.6956 23.0868 9.2195 33.0606 9.0554 18.0278 42.0595 26.9258 10.7703
47.1699 25.4951 26.9258 29.4279 27 27.4591 25.4951 25.4951 23.5372 23.5372 20.6155 82.4621 83.8153 79.555 79.0569 75.6902 77.1622 74.7262 71.5891 74.3303 27.4591 27.074 62.2415 22.3607 21.2132 0 11.1803 55.9017 50.9902 36.0555 11.1803 11.1803 45.0444 10.6301 30.4138 49.7293 15.2315 14.3178 52.2398 13.6015 27.313
42.4264 15 15.8114 37.1618 33.5261 32.3883 33.541 30.4138 31.7648 28.4429 29.1548 85.5862 86.3134 82.6075 81.3941 78.6384 79.4292 77.6466 75.1665 76.4853 35.3412 32.9848 63.7887 18.0278 20.6155 11.1803 0 57.0088 55 32.0156 10 15.8114 50.636 21.4009 29.1548 53.0848 11.7047 4.4721 58.9406 6.3246 21.9317
29.1548 55 60 36.6197 33.9706 30.4795 39.0512 32.0156 40.3609 33.6006 42.4264 30.4138 30 27.4591 25 23.5372 23 22.561 22.3607 20 37.8021 32.5269 7 40.3113 36.4005 55.9017 57.0088 0 15 30.4138 47.4342 67.082 23.5372 52.8015 28.2843 12.1655 45.3542 54.1295 30.0666 63.3246 39
39.0512 57.0088 61.8466 25.807 25.0799 23.5372 29.1548 25.4951 30.8869 27.4591 33.541 31.6228 33.541 28.7924 29.1548 25.0799 27.4591 24.1661 20.6155 25 27.4591 24.3516 16.5529 41.2311 35.3553 50.9902 55 15 0 36.0555 45 61.8466 9.434 45.31 30.0832 3.6056 44.1814 53.1507 15.1327 61.0328 41.7852
11.1803 25.4951 30.4138 36.1386 30.8058 25.9615 35.3553 25.4951 35.1283 25.1794 35 60.8276 60.208 57.8705 55.2268 53.9351 53.2353 52.9528 52.2015 50.2494 35.6931 28.8617 37.3363 14.1421 15.8114 36.0555 32.0156 30.4138 36.0555 0 25 46.0977 37.5366 38.8973 9.2195 32.7567 21.2603 28.0179 47.4236 38.0132 10.2956
36.0555 18.0278 21.2132 28.3019 24.1661 22.561 25 20.6155 23.4307 18.6815 21.2132 75.6637 76.4853 72.6911 71.5891 68.7314 69.6348 67.7422 65.192 66.7083 26.6271 23.4094 54.1202 11.1803 11.1803 11.1803 10 47.4342 45 25 0 21.2132 40.7922 17.2627 20.2485 43.1045 4.1231 8.9443 49.3356 16.1245 16.1555
57.0088 30.4138 30 39 37.3363 38.3275 35 36.4005 33 34.4819 30 93.4077 94.8683 90.5207 90.1388 86.6833 88.2553 85.7263 82.4621 85.44 37 37.6563 73.4098 32.0156 32.0156 11.1803 15.8114 67.082 61.8466 46.0977 21.2132 0 55.4437 18.1108 41.2311 60.7289 24.8395 20.2485 62 13.0384 36.6197
42.9418 55.0364 59.6154 17.4642 18.1108 18.2483 21.1896 20.2237 23.0868 22.2036 25.9615 39.3573 41.8808 36.7151 37.8021 33.2866 36.2353 32.45 28.178 33.9706 19.3132 18 25.9422 39.3573 32.6956 45.0444 50.636 23.5372 9.434 37.5366 40.7922 55.4437 0 38.0789 29.8329 11.4018 40.8044 49.4773 9.8995 56.3205 41.0488
49.98 34.5398 36.7151 21.095 20.2485 22.4722 17.1172 20.8087 15.1327 19.2094 12.1655 76.896 78.7909 74.0945 74.2496 70.3847 72.45 69.4622 65.7875 69.7711 19.105 21.0238 58.5235 27.074 23.0868 10.6301 21.4009 52.8015 45.31 38.8973 17.2627 18.1108 38.0789 0 31.305 44.7214 21.095 23.7065 44.0454 24.2074 32.1403
19.2354 27.2947 32.249 26.9258 21.587 16.7631 26.1725 16.2788 26.0192 16.0312 26.0768 58.0086 58.1378 55.0091 53.1507 51.0098 51.1566 50.01 48.3735 48.1664 26.4764 19.6469 35.2278 12.0416 9.2195 30.4138 29.1548 28.2843 30.0832 9.2195 20.2485 41.2311 29.8329 31.305 0 27.2029 17.4642 25.9615 39.6989 35.4683 11.7047
35.4683 54.3415 59.2284 26.1725 24.6982 22.4722 29.2062 24.3516 30.8058 26.2488 33.2866 32.7567 34.176 29.8329 29.5466 25.9615 27.7308 25 22.0907 25.0599 27.6586 23.7065 15 38.6394 33.0606 49.7293 53.0848 12.1655 3.6056 32.7567 43.1045 60.7289 11.4018 44.7214 27.2029 0 42.0119 51.0098 18.4391 59.2115 38.8973
32.2025 15.5563 19.4165 29.8329 25.2389 22.8473 26.8701 21.0238 25.4951 19.2354 23.6008 74.2428 74.8131 71.2531 69.8713 67.2681 67.897 66.2722 64.0078 64.9384 28.3196 24.1868 52.1728 7.2111 9.0554 15.2315 11.7047 45.3542 44.1814 21.2603 4.1231 24.8395 40.8044 21.095 17.4642 42.0119 0 9 49.7695 18.0278 12.083
38.2099 11.1803 13.0384 37.2156 33.1059 31.3209 33.8378 29.4109 32.2025 27.5136 29.8329 83.2166 83.7257 80.2247 78.7718 76.2365 76.7919 75.2396 73.0068 73.8241 35.5106 32.311 61 14.3178 18.0278 14.3178 4.4721 54.1295 53.1507 28.0179 8.9443 20.2485 49.4773 23.7065 25.9615 51.0098 9 0 58.1893 10 17.8045
52.4786 64.4127 68.8767 23 25.4951 26.9258 27 28.7924 29 30.6757 32 37.5366 41.0366 35.3553 37.8021 32.6497 36.6197 32.0156 26.9072 34.9857 25 25.9615 30.4138 48.8774 42.0595 52.2398 58.9406 30.0666 15.1327 47.4236 49.3356 62 9.8995 44.0454 39.6989 18.4391 49.7695 58.1893 0 64.3273 50.8035
48.1664 18.0278 17.0294 42.0595 38.833 38.1182 38.2753 36.1248 36.4005 34.1321 33.6155 91.7878 92.5743 88.8144 87.6641 84.8528 85.703 83.863 81.3019 82.7647 40.1622 38.4708 70.0928 24.1868 26.9258 13.6015 6.3246 63.3246 61.0328 38.0132 16.1245 13.0384 56.3205 24.2074 35.4683 59.2115 18.0278 10 64.3273 0 27.8029
20.5183 16 21 34.9857 29.6816 25.6125 33.1059 24.4131 32.311 23.3238 31.3209 69.1809 69 66.1891 64 62.2013 62 61.2046 59.8415 59 34 28.0179 46 5.099 10.7703 27.313 21.9317 39 41.7852 10.2956 16.1555 36.6197 41.0488 32.1403 11.7047 38.8973 12.083 17.8045 50.8035 27.8029 0
