650.8
30
473 588 10
418 913 10
249 646 10
281 438 10
272 581 10
236 625 10
33 510 10
166 399 10
35 457 10
39 538 10
214 415 10
396 905 10
43 712 10
530 703 10
36 800 10
207 664 10
549 718 10
435 662 10
38 366 10
109 360 10
284 585 10
568 753 10
9 532 10
255 436 10
195 654 10
258 565 10
85 338 10
538 705 10
109 354 10
170 565 10
0 39.3573 36.0555 33.3017 35.3553 39.0512 33.541 33.5261 32.3883 35.3553 39.2938 41.2311 44.2041 43.0116 40.6079 36.0555 30.8058 38.0789 37.2022 38.3275 25 20 18.0278 9.2195 39.2938 32.5576 38.4708 14.7648 15.5242 14.1421 20.5183
39.3573 0 5.3852 10.7703 12.2066 8.6023 51.4198 47.1275 42.3792 43.4626 49.2443 50.0899 45 43 43.1045 38.3275 37.3631 33 6.4031 44.7214 55.0818 35.0571 41.4005 34.2053 32.0156 32.2025 23.3452 42.2966 45.2769 33.2415 50.1597
36.0555 5.3852 0 5.3852 7.0711 5 46.0977 41.7612 37 38.0789 43.8634 44.7214 47.2652 45.2769 45.0444 40 38.3275 35.3553 2 39.3573 50.2494 30 40.3113 30.0832 26.9072 26.8328 18.4391 37.6563 43.6005 28.6356 45.3982
33.3017 10.7703 5.3852 0 3 5.831 40.7922 36.4005 31.6228 32.6956 38.4838 39.3573 50.01 48.0521 47.5184 42.2966 40 38.3275 5 34 45.5412 25.0799 39.9249 26.4197 21.9317 21.4709 13.8924 33.2415 42.5441 24.3516 40.7922
35.3553 12.2066 7.0711 3 0 5 40.3113 35.6931 30.8058 31.6228 37.3363 38.0789 52.9528 50.9902 50.4876 45.2769 43 41.2311 5.831 32.6956 46.0977 25.4951 42.72 28.0179 19.8494 20.2485 11.4018 34.176 45.1774 25.4951 41.4849
39.0512 8.6023 5 5.831 5 0 45.2769 40.6079 35.6931 36.4005 42.0595 42.72 52.2398 50.2494 50.04 45 43.2897 40.3113 3 37.3363 50.9902 30.4138 44.7214 32.249 23.8537 25 15 38.8973 47.7074 30.0832 46.3249
33.541 51.4198 46.0977 40.7922 40.3113 45.2769 0 5.3852 10.198 11.1803 9.434 11.1803 75.8222 74.3303 72.3464 67.2681 62.482 67.2681 45.7056 12.8062 15.8114 18.0278 51.4782 27.0185 26.2488 21.095 33.2415 18.7883 48.8467 23.3452 16
33.5261 47.1275 41.7612 36.4005 35.6931 40.6079 5.3852 0 5 5.831 6 8 74.2024 72.6223 70.8025 65.6049 61.0328 65.0692 41.2311 7.8102 19.7231 15.6205 51.0784 25.9422 20.8806 16 28.0713 19.2354 49.0408 21.6333 18.6815
32.3883 42.3792 37 31.6228 30.8058 35.6931 10.198 5 0 3 7.8102 9.434 71.2811 69.6348 67.9559 62.6817 58.3095 61.7171 36.4005 6 22.6716 13 49.3356 24.0416 16.1555 11 23.0868 19.105 47.8539 19.3132 20.5913
35.3553 43.4626 38.0789 32.6956 31.6228 36.4005 11.1803 5.831 3 0 5.831 7.0711 73.7835 72.111 70.4911 65.192 60.9016 64.0312 37.3363 3 25 15.8114 52.2015 26.9258 15.2971 11.4018 23.0217 22.0907 50.8035 22.1359 23.2594
39.2938 49.2443 43.8634 38.4838 37.3363 42.0595 9.434 6 7.8102 5.831 0 2 79.0569 77.4209 75.7166 70.4557 66.0379 69.527 43.0813 5 25.0799 20.5913 56.648 31.3847 20 17.088 28.2843 25.1794 54.8179 26.8328 24.5153
41.2311 50.0899 44.7214 39.3573 38.0789 42.72 11.1803 8 9.434 7.0711 2 0 80.7094 79.0569 77.3886 72.111 67.7422 71.0634 43.8634 5.3852 26.9258 22.3607 58.5235 33.2415 20.0998 17.8885 28.6356 27.1662 56.7539 28.6356 26.4764
44.2041 45 47.2652 50.01 52.9528 52.2398 75.8222 74.2024 71.2811 73.7835 79.0569 80.7094 0 2 3.6056 8.6023 13.4536 12 49.2544 76.3217 69.2026 58.6003 27.7308 48.8365 69.6419 65.7419 63.3246 58 33.2415 52.6308 64.6607
43.0116 43 45.2769 48.0521 50.9902 50.2494 74.3303 72.6223 69.6348 72.111 77.4209 79.0569 2 0 3 7.0711 12.2066 10 47.2652 74.6257 68.0074 57.0088 26.9258 47.3814 67.7791 63.9531 61.4003 56.6392 32.573 51.0882 63.4114
40.6079 43.1045 45.0444 47.5184 50.4876 50.04 72.3464 70.8025 67.9559 70.4911 75.7166 77.3886 3.6056 3 0 5.3852 9.8995 10.4403 47.0425 73.0616 65.6049 55.2178 24.1661 45.3431 66.7308 62.6498 60.6383 54.4518 29.7321 49.2037 61.0737
36.0555 38.3275 40 42.2966 45.2769 45 67.2681 65.6049 62.6817 65.192 70.4557 72.111 8.6023 7.0711 5.3852 0 5.3852 7.0711 42 67.7422 61.0328 50 20.6155 40.3113 61.3514 57.2713 55.3173 49.5782 26.4764 44.0454 56.4004
30.8058 37.3631 38.3275 40 43 43.2897 62.482 61.0328 58.3095 60.9016 66.0379 67.7422 13.4536 12.2066 9.8995 5.3852 0 10.4403 40.3113 63.5295 55.8032 45.4863 15.2971 35.4683 57.9741 53.4883 52.469 44.5533 21.2132 39.4081 51.225
38.0789 33 35.3553 38.3275 41.2311 40.3113 67.2681 65.0692 61.7171 64.0312 69.527 71.0634 12 10 10.4403 7.0711 10.4403 0 37.3363 66.4003 62.6498 49.4975 25 40.8044 58.6003 55.2268 51.8652 50.4777 31 43.9318 57.8014
37.2022 6.4031 2 5 5.831 3 45.7056 41.2311 36.4005 37.3363 43.0813 43.8634 49.2544 47.2652 47.0425 42 40.3113 37.3363 0 38.4838 50.4876 30.0666 42.0595 30.8707 25.6125 26 16.9706 38.0789 45.2217 29.1204 45.7056
38.3275 44.7214 39.3573 34 32.6956 37.3363 12.8062 7.8102 6 3 5 5.3852 76.3217 74.6257 73.0616 67.7422 63.5295 66.4003 38.4838 0 27.4591 18.6815 55.0818 29.8329 15 12.53 23.3452 25.0799 53.7587 25 26
25 55.0818 50.2494 45.5412 46.0977 50.9902 15.8114 19.7231 22.6716 25 25.0799 26.9258 69.2026 68.0074 65.6049 61.0328 55.8032 62.6498 50.4876 27.4591 0 20.6155 42.4264 22.8035 37.8021 31.0644 42.4853 13.1529 38.4187 22.0227 5.099
20 35.0571 30 25.0799 25.4951 30.4138 18.0278 15.6205 13 15.8114 20.5913 22.3607 58.6003 57.0088 55.2178 50 45.4863 49.4975 30.0666 18.6815 20.6155 0 36.4005 11.1803 20.5913 13.4164 22.8035 9.8995 35.2278 6.3246 16.1555
18.0278 41.4005 40.3113 39.9249 42.72 44.7214 51.4782 51.0784 49.3356 52.2015 56.648 58.5235 27.7308 26.9258 24.1661 20.6155 15.2971 25 42.0595 55.0818 42.4264 36.4005 0 25.2982 53 47.1699 49.6488 32.7567 6 30.0832 38.2884
9.2195 34.2053 30.0832 26.4197 28.0179 32.249 27.0185 25.9422 24.0416 26.9258 31.3847 33.2415 48.8365 47.3814 45.3431 40.3113 35.4683 40.8044 30.8707 29.8329 22.8035 11.1803 25.2982 0 30.0832 23.3452 29.6816 9.8489 24.0832 5 17.72
39.2938 32.0156 26.9072 21.9317 19.8494 23.8537 26.2488 20.8806 16.1555 15.2971 20 20.0998 69.6419 67.7791 66.7308 61.3514 57.9741 58.6003 25.6125 15 37.8021 20.5913 53 30.0832 0 7.2111 8.9443 30.2324 53.3385 25.2982 34.6554
32.5576 32.2025 26.8328 21.4709 20.2485 25 21.095 16 11 11.4018 17.088 17.8885 65.7419 63.9531 62.6498 57.2713 53.4883 55.2268 26 12.53 31.0644 13.4164 47.1699 23.3452 7.2111 0 12.1655 23.0217 47.0425 18.4391 27.6586
38.4708 23.3452 18.4391 13.8924 11.4018 15 33.2415 28.0713 23.0868 23.0217 28.2843 28.6356 63.3246 61.4003 60.6383 55.3173 52.469 51.8652 16.9706 23.3452 42.4853 22.8035 49.6488 29.6816 8.9443 12.1655 0 32.6497 50.9608 25.6125 38.5876
14.7648 42.2966 37.6563 33.2415 34.176 38.8973 18.7883 19.2354 19.105 22.0907 25.1794 27.1662 58 56.6392 54.4518 49.5782 44.5533 50.4777 38.0789 25.0799 13.1529 9.8995 32.7567 9.8489 30.2324 23.0217 32.6497 0 30.0832 9.0554 8.0623
15.5242 45.2769 43.6005 42.5441 45.1774 47.7074 48.8467 49.0408 47.8539 50.8035 54.8179 56.7539 33.2415 32.573 29.7321 26.4764 21.2132 31 45.2217 53.7587 38.4187 35.2278 6 24.0832 53.3385 47.0425 50.9608 30.0832 0 29.0689 34.6699
14.1421 33.2415 28.6356 24.3516 25.4951 30.0832 23.3452 21.6333 19.3132 22.1359 26.8328 28.6356 52.6308 51.0882 49.2037 44.0454 39.4081 43.9318 29.1204 25 22.0227 6.3246 30.0832 5 25.2982 18.4391 25.6125 9.0554 29.0689 0 17
20.5183 50.1597 45.3982 40.7922 41.4849 46.3249 16 18.6815 20.5913 23.2594 24.5153 26.4764 64.6607 63.4114 61.0737 56.4004 51.225 57.8014 45.7056 26 5.099 16.1555 38.2884 17.72 34.6554 27.6586 38.5876 8.0623 34.6699 17 0
