850.48
25
0 891 10
146 266 10
149 269 10
194 314 10
246 366 10
0 899 10
80 200 10
657 777 10
329 449 10
376 496 10
574 694 10
601 721 10
167 287 10
39 159 10
268 388 10
241 361 10
0 922 10
822 942 10
0 914 10
0 937 10
14 134 10
808 928 10
0 932 10
0 929 10
0 934 10
0 58.5235 57.0088 55.7136 52.2015 52 50.2892 51.4782 44.2041 40.3113 30.8058 38.0789 18.0278 29.1548 39.0512 25.2982 25.4951 27.4591 7.6158 35.4683 12.0416 14.7648 21.095 17.1172 20.6155 15.5242
58.5235 0 5 3 7.0711 7 8.6023 11.1803 61.7171 65.192 58.258 68.0074 50 30.4138 31.6228 33.2415 39.0512 47.4236 50.9215 32.7567 47.5395 43.9659 40.4969 42.0476 39.6232 46.6476
57.0088 5 0 5.831 5 8.6023 7 14.1421 57.3062 61.0328 54.4885 64.0312 47.1699 30 33.541 31.7805 36.0555 43.8634 49.4773 34.176 46.5296 42.7551 38.0132 40.1622 39.0512 44.2832
55.7136 3 5.831 0 5.3852 4 6.4031 8.6023 60.4152 63.6318 56.4004 66.2873 47.634 27.4591 28.7924 30.4631 36.7967 45.4533 48.1041 29.8329 44.643 41.1096 38.0132 39.3573 36.6742 44.1022
52.2015 7.0711 5 5.3852 0 5.3852 2 11.1803 55.0364 58.3095 51.225 61.0328 43.0116 25 29.1548 26.9258 32.0156 40.3609 44.643 29.5466 41.5933 37.855 33.6155 35.4683 34.0588 39.8246
52 7 8.6023 4 5.3852 0 5 5.831 58.8727 61.7171 54.0833 64.1405 44.5982 23.5372 25.0799 26.8328 33.9706 43.0116 44.3847 25.9615 40.8044 37.3363 34.8281 35.8469 32.7567 40.8044
50.2892 8.6023 7 6.4031 2 5 0 10.4403 54.231 57.3062 50 59.9083 41.4005 23 27.4591 25 30.4795 39.0512 42.72 27.7308 39.6232 35.9026 31.9061 33.6155 32.0624 38.0789
51.4782 11.1803 14.1421 8.6023 11.1803 5.831 10.4403 0 62.6418 65 56.8243 67.082 46.0977 22.3607 20.6155 27.0185 36.0555 45.6508 43.909 22.0907 39.8121 36.7151 36.1248 36.2353 31.3847 41.7253
44.2041 61.7171 57.3062 60.4152 55.0364 58.8727 54.231 62.6418 0 7 13.4536 12 27.7308 50.04 65.0308 43.1045 30.0666 20.3961 42.9418 62.1289 46.6154 44.2719 33.541 38.3275 49.2443 33.2415
40.3113 65.192 61.0328 63.6318 58.3095 61.7171 57.3062 65 7 0 10.198 5 25.4951 50.2494 65.192 43.1856 30.4138 20.2237 40.1622 62.0725 44.3847 42.5793 33.0151 37.1214 48.1664 31.4006
30.8058 58.258 54.4885 56.4004 51.225 54.0833 50 56.8243 13.4536 10.198 0 10.4403 15.2971 40.6079 55.4437 33.541 21.1896 11.1803 30.0832 52.2398 34.2053 32.3883 23.1948 27.0185 38.0526 21.2132
38.0789 68.0074 64.0312 66.2873 61.0328 64.1405 59.9083 67.082 12 5 10.4403 0 25 50.9902 65.7647 43.9318 31.6228 21.5407 38.833 62.514 43.4166 42.0476 33.541 37.054 48.0104 31
18.0278 50 47.1699 47.634 43.0116 44.5982 41.4005 46.0977 27.7308 25.4951 15.2971 25 0 26.9258 41.2311 20.1246 11.1803 9.434 15.2643 37.855 18.9737 17.1172 10 12.1655 23.0217 6
29.1548 30.4138 30 27.4591 25 23.5372 23 22.3607 50.04 50.2494 40.6079 50.9902 26.9258 0 15 7.0711 20 30.0666 21.6333 12.1655 17.4642 14.4222 17.4642 15.2643 9.2195 21.4709
39.0512 31.6228 33.541 28.7924 29.1548 25.0799 27.4591 20.6155 65.0308 65.192 55.4437 65.7647 41.2311 15 0 22.0227 35 45.0444 32.45 3.6056 27.2029 25.9422 32.249 29.1204 19.2354 35.4401
25.2982 33.2415 31.7805 30.4631 26.9258 26.8328 25 27.0185 43.1045 43.1856 33.541 43.9318 20.1246 7.0711 22.0227 0 13.0384 23.0217 17.72 19.0263 15 11.0454 10.4403 9.2195 9.434 15
25.4951 39.0512 36.0555 36.7967 32.0156 33.9706 30.4795 36.0555 30.0666 30.4138 21.1896 31.6228 11.1803 20 35 13.0384 0 10.198 19.6977 32.0624 20.6155 16.9706 5 10.6301 20.1246 10.0499
27.4591 47.4236 43.8634 45.4533 40.3609 43.0116 39.0512 45.6508 20.3961 20.2237 11.1803 21.5407 9.434 30.0666 45.0444 23.0217 10.198 0 24.0832 42 26.9258 24.1661 13.1529 18.0278 28.8617 13.6015
7.6158 50.9215 49.4773 48.1041 44.643 44.3847 42.72 43.909 42.9418 40.1622 30.0832 38.833 15.2643 21.6333 32.45 17.72 19.6977 24.0832 0 28.8444 5.3852 7.2111 14.8661 10.0499 13.4536 10.6301
35.4683 32.7567 34.176 29.8329 29.5466 25.9615 27.7308 22.0907 62.1289 62.0725 52.2398 62.514 37.855 12.1655 3.6056 19.0263 32.0624 42 28.8444 0 23.6008 22.3607 29.0689 25.7099 15.6525 32.0156
12.0416 47.5395 46.5296 44.643 41.5933 40.8044 39.6232 39.8121 46.6154 44.3847 34.2053 43.4166 18.9737 17.4642 27.2029 15 20.6155 26.9258 5.3852 23.6008 0 4.1231 15.6205 10 8.6023 13.4164
14.7648 43.9659 42.7551 41.1096 37.855 37.3363 35.9026 36.7151 44.2719 42.5793 32.3883 42.0476 17.1172 14.4222 25.9422 11.0454 16.9706 24.1661 7.2111 22.3607 4.1231 0 12.0416 6.4031 6.7082 11.1803
21.095 40.4969 38.0132 38.0132 33.6155 34.8281 31.9061 36.1248 33.541 33.0151 23.1948 33.541 10 17.4642 32.249 10.4403 5 13.1529 14.8661 29.0689 15.6205 12.0416 0 5.6569 15.8114 6.3246
17.1172 42.0476 40.1622 39.3573 35.4683 35.8469 33.6155 36.2353 38.3275 37.1214 27.0185 37.054 12.1655 15.2643 29.1204 9.2195 10.6301 18.0278 10.0499 25.7099 10 6.4031 5.6569 0 11.0454 6.3246
20.6155 39.6232 39.0512 36.6742 34.0588 32.7567 32.0624 31.3847 49.2443 48.1664 38.0526 48.0104 23.0217 9.2195 19.2354 9.434 20.1246 28.8617 13.4536 15.6525 8.6023 6.7082 15.8114 11.0454 0 17.0294
15.5242 46.6476 44.2832 44.1022 39.8246 40.8044 38.0789 41.7253 33.2415 31.4006 21.2132 31 6 21.4709 35.4401 15 10.0499 13.6015 10.6301 32.0156 13.4164 11.1803 6.3246 6.3246 17.0294 0
