702.28
22
0 919 10
644 764 10
388 508 10
0 914 10
367 487 10
195 315 10
0 917 10
35 155 10
174 294 10
255 375 10
489 609 10
105 225 10
375 495 10
599 719 10
11 131 10
612 732 10
286 406 10
365 485 10
352 472 10
0 935 10
260 380 10
0 935 10
0 30.8058 36.0555 33.3017 35.3553 39.0512 33.5261 32.3883 35.3553 39.2938 41.2311 37.2022 38.3275 20 14.1421 11.1803 10 39.2938 32.5576 38.4708 14.7648 17.8885 14.1421
30.8058 0 5.3852 4 7 8.6023 37.6962 33.1059 34.4819 40.3113 41.3401 6.4031 36.0555 25.0799 17 37.3363 23.4307 25 23.6008 17.4642 32.3883 17.1172 23.3452
36.0555 5.3852 0 5.3852 7.0711 5 41.7612 37 38.0789 43.8634 44.7214 2 39.3573 30 22.3607 42.72 28.2843 26.9072 26.8328 18.4391 37.6563 22.3607 28.6356
33.3017 4 5.3852 0 3 5.831 36.4005 31.6228 32.6956 38.4838 39.3573 5 34 25.0799 19.2094 38.9102 26.6271 21.9317 21.4709 13.8924 33.2415 18.0278 24.3516
35.3553 7 7.0711 3 0 5 35.6931 30.8058 31.6228 37.3363 38.0789 5.831 32.6956 25.4951 21.2132 40.3113 29.1548 19.8494 20.2485 11.4018 34.176 19.2354 25.4951
39.0512 8.6023 5 5.831 5 0 40.6079 35.6931 36.4005 42.0595 42.72 3 37.3363 30.4138 25 44.7214 32.0156 23.8537 25 15 38.8973 23.7697 30.0832
33.5261 37.6962 41.7612 36.4005 35.6931 40.6079 0 5 5.831 6 8 41.2311 7.8102 15.6205 29.7321 27 37.7359 20.8806 16 28.0713 19.2354 24.0832 21.6333
32.3883 33.1059 37 31.6228 30.8058 35.6931 5 0 3 7.8102 9.434 36.4005 6 13 26.6271 27.4591 35.3412 16.1555 11 23.0868 19.105 20.6155 19.3132
35.3553 34.4819 38.0789 32.6956 31.6228 36.4005 5.831 3 0 5.831 7.0711 37.3363 3 15.8114 29.1548 30.4138 38.0789 15.2971 11.4018 23.0217 22.0907 23.0217 22.1359
39.2938 40.3113 43.8634 38.4838 37.3363 42.0595 6 7.8102 5.831 0 2 43.0813 5 20.5913 34.4093 33 42.9418 20 17.088 28.2843 25.1794 28.4253 26.8328
41.2311 41.3401 44.7214 39.3573 38.0789 42.72 8 9.434 7.0711 2 0 43.8634 5.3852 22.3607 36.0555 35 44.7214 20.0998 17.8885 28.6356 27.1662 30 28.6356
37.2022 6.4031 2 5 5.831 3 41.2311 36.4005 37.3363 43.0813 43.8634 0 38.4838 30.0666 23.3238 43.4626 29.7321 25.6125 26 16.9706 38.0789 22.8035 29.1204
38.3275 36.0555 39.3573 34 32.6956 37.3363 7.8102 6 3 5 5.3852 38.4838 0 18.6815 31.7648 33.3766 40.8534 15 12.53 23.3452 25.0799 25.5539 25
20 25.0799 30 25.0799 25.4951 30.4138 15.6205 13 15.8114 20.5913 22.3607 30.0666 18.6815 0 14.1421 18.0278 22.3607 20.5913 13.4164 22.8035 9.8995 8.9443 6.3246
14.1421 17 22.3607 19.2094 21.2132 25 29.7321 26.6271 29.1548 34.4093 36.0555 23.3238 31.7648 14.1421 0 20.6155 10 28 22.3607 25.2982 17.2627 6.3246 8.9443
11.1803 37.3363 42.72 38.9102 40.3113 44.7214 27 27.4591 30.4138 33 35 43.4626 33.3766 18.0278 20.6155 0 20.6155 38.5876 31.3847 40.3113 8.544 21.095 15
10 23.4307 28.2843 26.6271 29.1548 32.0156 37.7359 35.3412 38.0789 42.9418 44.7214 29.7321 40.8534 22.3607 10 20.6155 0 38 32.249 34.9285 21.4009 16.1245 16.1245
39.2938 25 26.9072 21.9317 19.8494 23.8537 20.8806 16.1555 15.2971 20 20.0998 25.6125 15 20.5913 28 38.5876 38 0 7.2111 8.9443 30.2324 22.0907 25.2982
32.5576 23.6008 26.8328 21.4709 20.2485 25 16 11 11.4018 17.088 17.8885 26 12.53 13.4164 22.3607 31.3847 32.249 7.2111 0 12.1655 23.0217 16.1245 18.4391
38.4708 17.4642 18.4391 13.8924 11.4018 15 28.0713 23.0868 23.0217 28.2843 28.6356 16.9706 23.3452 22.8035 25.2982 40.3113 34.9285 8.9443 12.1655 0 32.6497 20.5913 25.6125
14.7648 32.3883 37.6563 33.2415 34.176 38.8973 19.2354 19.105 22.0907 25.1794 27.1662 38.0789 25.0799 9.8995 17.2627 8.544 21.4009 30.2324 23.0217 32.6497 0 15.2971 9.0554
17.8885 17.1172 22.3607 18.0278 19.2354 23.7697 24.0832 20.6155 23.0217 28.4253 30 22.8035 25.5539 8.9443 6.3246 21.095 16.1245 22.0907 16.1245 20.5913 15.2971 0 6.3246
14.1421 23.3452 28.6356 24.3516 25.4951 30.0832 21.6333 19.3132 22.1359 26.8328 28.6356 29.1204 25 6.3246 8.9443 15 16.1245 25.2982 18.4391 25.6125 9.0554 6.3246 0
