899.24
22
401 461 10
535 622 10
683 743 10
698 827 10
306 483 10
199 428 10
45 525 10
231 291 10
25 505 10
342 571 10
42 522 10
623 884 10
191 310 10
11 140 10
780 930 10
57 537 10
19 499 10
310 507 10
389 449 10
516 697 10
338 398 10
870 930 10
0 33.541 31.6228 38.0789 40.3113 45.1774 40.05 45 45.0444 25 26.9258 42.4264 26.9258 20.6155 11.1803 19.6469 57.0088 19.2354 32.2025 38.2099 48.1664 20.5183 19.2354
33.541 0 5 5 14.1421 45.3431 40.6079 42.4264 41.0366 15.8114 22.3607 15 25.4951 35.3553 25.4951 42.2019 30.4138 27.2947 15.5563 11.1803 18.0278 16 38.2753
31.6228 5 0 7.0711 11.1803 48.7955 43.8634 46.0977 44.8219 18.0278 25 20 20.6155 36.4005 25 38.2884 35.3553 28.4605 19.4165 16.1245 22.8035 16.7631 34.2053
38.0789 5 7.0711 0 11.1803 49.2037 44.6542 46.0977 44.5982 20.6155 26.9258 15.8114 26.9258 40.3113 30.4138 45.3431 30 32.249 19.4165 13.0384 17.0294 21 41.2311
40.3113 14.1421 11.1803 11.1803 0 59.4643 54.6717 56.5685 55.1725 29.1548 36.0555 26.9258 21.2132 47.4342 35.3553 42.4382 40.3113 39.5601 29.6985 24.1868 27.2947 27.8568 38.0132
45.1774 45.3431 48.7955 49.2037 59.4643 0 5.3852 4 6 31.4006 24.4131 37.1618 62.1772 25.02 36.1386 64.6297 39 26.9258 29.8329 37.2156 42.0595 34.9857 63.3482
40.05 40.6079 43.8634 44.6542 54.6717 5.3852 0 5.3852 6.4031 26.2488 19.2094 33.5261 56.8243 20.2237 30.8058 59.4138 37.3363 21.587 25.2389 33.1059 38.833 29.6816 58.0517
45 42.4264 46.0977 46.0977 56.5685 4 5.3852 0 2 29.1548 22.3607 33.541 60.4152 25.4951 35.3553 64.195 35 26.1725 26.8701 33.8378 38.2753 33.1059 62.6498
45.0444 41.0366 44.8219 44.5982 55.1725 6 6.4031 2 0 28.178 21.5407 31.7648 59.6154 25.9615 35.1283 64.0703 33 26.0192 25.4951 32.2025 36.4005 32.311 62.3939
25 15.8114 18.0278 20.6155 29.1548 31.4006 26.2488 29.1548 28.178 0 7.0711 18.0278 31.6228 20 14.1421 40.2616 32.0156 12.0416 7.2111 14.3178 24.1868 5.099 37.4833
26.9258 22.3607 25 26.9258 36.0555 24.4131 19.2094 22.3607 21.5407 7.0711 0 20.6155 38.0789 15.8114 15.8114 44.2832 32.0156 9.2195 9.0554 18.0278 26.9258 10.7703 42.0119
42.4264 15 20 15.8114 26.9258 37.1618 33.5261 33.541 31.7648 18.0278 20.6155 0 40.3113 36.4005 32.0156 55.0091 15.8114 29.1548 11.7047 4.4721 6.3246 21.9317 51.4782
26.9258 25.4951 20.6155 26.9258 21.2132 62.1772 56.8243 60.4152 59.6154 31.6228 38.0789 40.3113 0 42.4264 28.2843 21.9317 55.9017 36.4005 36.4966 36.1248 43.4166 27.313 17.4642
20.6155 35.3553 36.4005 40.3113 47.4342 25.02 20.2237 25.4951 25.9615 20 15.8114 36.4005 42.4264 0 14.1421 40.2616 47.1699 8.0623 24.7386 33.541 42.72 19.6469 39.5601
11.1803 25.4951 25 30.4138 35.3553 36.1386 30.8058 35.3553 35.1283 14.1421 15.8114 32.0156 28.2843 14.1421 0 29 46.0977 9.2195 21.2603 28.0179 38.0132 10.2956 27.2947
19.6469 42.2019 38.2884 45.3431 42.4382 64.6297 59.4138 64.195 64.0703 40.2616 44.2832 55.0091 21.9317 40.2616 29 0 70.6824 38.0526 47.1275 50.5371 59.6825 35.171 4.4721
57.0088 30.4138 35.3553 30 40.3113 39 37.3363 35 33 32.0156 32.0156 15.8114 55.9017 47.1699 46.0977 70.6824 0 41.2311 24.8395 20.2485 13.0384 36.6197 67.2309
19.2354 27.2947 28.4605 32.249 39.5601 26.9258 21.587 26.1725 26.0192 12.0416 9.2195 29.1548 36.4005 8.0623 9.2195 38.0526 41.2311 0 17.4642 25.9615 35.4683 11.7047 36.4966
32.2025 15.5563 19.4165 19.4165 29.6985 29.8329 25.2389 26.8701 25.4951 7.2111 9.0554 11.7047 36.4966 24.7386 21.2603 47.1275 24.8395 17.4642 0 9 18.0278 12.083 44.1475
38.2099 11.1803 16.1245 13.0384 24.1868 37.2156 33.1059 33.8378 32.2025 14.3178 18.0278 4.4721 36.1248 33.541 28.0179 50.5371 20.2485 25.9615 9 0 10 17.8045 47.0106
48.1664 18.0278 22.8035 17.0294 27.2947 42.0595 38.833 38.2753 36.4005 24.1868 26.9258 6.3246 43.4166 42.72 38.0132 59.6825 13.0384 35.4683 18.0278 10 0 27.8029 55.9464
20.5183 16 16.7631 21 27.8568 34.9857 29.6816 33.1059 32.311 5.099 10.7703 21.9317 27.313 19.6469 10.2956 35.171 36.6197 11.7047 12.083 17.8045 27.8029 0 32.3883
19.2354 38.2753 34.2053 41.2311 38.0132 63.3482 58.0517 62.6498 62.3939 37.4833 42.0119 51.4782 17.4642 39.5601 27.2947 4.4721 67.2309 36.4966 44.1475 47.0106 55.9464 32.3883 0
