804.67
33
338 451 10
205 422 10
511 682 10
158 391 10
263 606 10
45 522 10
598 883 10
348 904 10
509 668 10
57 664 10
68 349 10
131 376 10
114 497 10
102 347 10
564 797 10
51 673 10
462 631 10
636 904 10
423 576 10
471 662 10
281 490 10
380 902 10
613 894 10
29 587 10
39 353 10
112 543 10
162 493 10
360 900 10
304 605 10
318 489 10
565 897 10
14 669 10
20 299 10
0 45.1774 40.05 35.0571 45 35 45.0444 35.0571 45.2769 58.5235 57.0088 55.7136 52.2015 52 50.2892 51.0784 51.4782 47.4342 45.0444 38.0526 35.3412 33.541 47.1699 26.9258 29.1548 39.0512 25.2982 42.9418 49.98 27.0185 35.4683 52.4786 14.7648 20.6155
45.1774 0 5.3852 10.198 4 10.7703 6 11.6619 9 56.7979 59.1692 54.1202 54.9181 50.6063 53.2541 49.7393 45.618 50.8035 2 7.2801 41.0366 18.6011 29.4279 62.1772 36.6197 25.807 42.0595 17.4642 21.095 27.2947 26.1725 23 39.0512 34.176
40.05 5.3852 0 5 5.3852 5.3852 6.4031 6.4031 8.6023 56.648 58.6003 53.8516 54.1202 50.1597 52.3546 49.2443 45.5412 49.7393 5 2 39.0512 16.4012 27 56.8243 33.9706 25.0799 38.833 18.1108 20.2485 24.2074 24.6982 25.4951 34.7851 30.4138
35.0571 10.198 5 0 10.198 2 10.7703 4 12.2066 55.0818 56.648 52.2015 52 48.3839 50.1597 47.4342 44.1475 47.4236 10 3 36.0555 13.9284 27.4591 52.4786 30.4795 23.5372 34.8281 18.2483 22.4722 20.5183 22.4722 26.9258 30.0832 26.0768
45 4 5.3852 10.198 0 10 2 10.198 5 60.4152 62.6498 57.6975 58.3095 54.1202 56.6039 53.2353 49.2443 54.0833 2 7.2801 43.8634 21.2132 25.4951 60.4152 39.0512 29.1548 44.1022 21.1896 17.1172 29.4109 29.2062 27 40.1622 35.7771
35 10.7703 5.3852 2 10 0 10.198 2 11.1803 57.0088 58.5235 54.1202 53.8516 50.2892 52 49.3356 46.0977 49.2443 10.198 3.6056 37.7359 15.8114 25.4951 51.4782 32.0156 25.4951 36.1248 20.2237 20.8087 22.0227 24.3516 28.7924 30.8707 27.2029
45.0444 6 6.4031 10.7703 2 10.198 0 10 3 62.2415 64.4127 59.5063 60.0333 55.9017 58.3095 55.0091 51.0784 55.7584 4 8.0623 45.3431 22.6716 23.5372 59.6154 40.3609 30.8869 45.2217 23.0868 15.1327 30.6105 30.8058 29 40.8534 36.7151
35.0571 11.6619 6.4031 4 10.198 2 10 0 10.4403 58.9406 60.407 56.0446 55.7136 52.2015 53.8516 51.2445 48.0521 51.0784 10.7703 5 39.4462 17.72 23.5372 50.5371 33.6006 27.4591 37.4833 22.2036 19.2094 23.6008 26.2488 30.6757 31.7648 28.4253
45.2769 9 8.6023 12.2066 5 11.1803 3 10.4403 0 65 67.082 62.2415 62.6498 58.6003 60.9016 57.6975 53.8516 58.3095 7 9.8995 47.634 25 20.6155 58.5235 42.4264 33.541 47.0106 25.9615 12.1655 32.5576 33.2866 32 42.0476 38.2753
58.5235 56.7979 56.648 55.0818 60.4152 57.0088 62.2415 58.9406 65 0 5 3 7.0711 7 8.6023 8 11.1803 11.1803 58.6003 55.9732 23.5372 41.2311 82.4621 85.44 30.4138 31.6228 33.2415 39.3573 76.896 38.0132 32.7567 37.5366 43.9659 39.6232
57.0088 59.1692 58.6003 56.648 62.6498 58.5235 64.4127 60.407 67.082 5 0 5.831 5 8.6023 7 9.434 14.1421 10 60.9016 57.7754 23 42.72 83.8153 83.8153 30 33.541 31.7805 41.8808 78.7909 38.4708 34.176 41.0366 42.7551 39.0512
55.7136 54.1202 53.8516 52.2015 57.6975 54.1202 59.5063 56.0446 62.2415 3 5.831 0 5.3852 4 6.4031 5 8.6023 8.6023 55.9017 53.1413 20.6155 38.3275 79.555 82.6378 27.4591 28.7924 30.4631 36.7151 74.0945 35.0143 29.8329 35.3553 41.1096 36.6742
52.2015 54.9181 54.1202 52 58.3095 53.8516 60.0333 55.7136 62.6498 7.0711 5 5.3852 0 5.3852 2 5.831 11.1803 5 56.6039 53.2259 18 38.0789 79.0569 79.0569 25 29.1548 26.9258 37.8021 74.2496 33.541 29.5466 37.8021 37.855 34.0588
52 50.6063 50.1597 48.3839 54.1202 50.2892 55.9017 52.2015 58.6003 7 8.6023 4 5.3852 0 5 1 5.831 5.831 52.3546 49.3964 16.7631 34.4819 75.6902 78.924 23.5372 25.0799 26.8328 33.2866 70.3847 31.0161 25.9615 32.6497 37.3363 32.7567
50.2892 53.2541 52.3546 50.1597 56.6039 52 58.3095 53.8516 60.9016 8.6023 7 6.4031 2 5 0 5.099 10.4403 3 54.9181 51.4296 16 36.2491 77.1622 77.1622 23 27.4591 25 36.2353 72.45 31.5753 27.7308 36.6197 35.9026 32.0624
51.0784 49.7393 49.2443 47.4342 53.2353 49.3356 55.0091 51.2445 57.6975 8 9.434 5 5.831 1 5.099 0 5.3852 5.3852 51.4782 48.4665 15.8114 33.5261 74.7262 78 22.561 24.1661 25.9422 32.45 69.4622 30.0167 25 32.0156 36.4005 31.7805
51.4782 45.618 45.5412 44.1475 49.2443 46.0977 51.0784 48.0521 53.8516 11.1803 14.1421 8.6023 11.1803 5.831 10.4403 5.3852 0 10 47.4236 44.9222 16.4012 30.4138 71.5891 78.2624 22.3607 20.6155 27.0185 28.178 65.7875 28.2843 22.0907 26.9072 36.7151 31.3847
47.4342 50.8035 49.7393 47.4236 54.0833 49.2443 55.7584 51.0784 58.3095 11.1803 10 8.6023 5 5.831 3 5.3852 10 0 52.4309 48.7647 13 33.541 74.3303 74.3303 20 25 22.1359 33.9706 69.7711 28.6356 25.0599 34.9857 32.9848 29.0689
45.0444 2 5 10 2 10.198 4 10.7703 7 58.6003 60.9016 55.9017 56.6039 52.3546 54.9181 51.4782 47.4236 52.4309 0 7 42.4264 19.8494 27.4591 61.2699 37.8021 27.4591 43.0465 19.3132 19.105 28.3019 27.6586 25 39.5601 34.9285
38.0526 7.2801 2 3 7.2801 3.6056 8.0623 5 9.8995 55.9732 57.7754 53.1413 53.2259 49.3964 51.4296 48.4665 44.9222 48.7647 7 0 37.8021 15.2643 27.074 55.0727 32.5269 24.3516 37.2022 18 21.0238 22.6716 23.7065 25.9615 32.8938 28.6531
35.3412 41.0366 39.0512 36.0555 43.8634 37.7359 45.3431 39.4462 47.634 23.5372 23 20.6155 18 16.7631 16 15.8114 16.4012 13 42.4264 37.8021 0 22.6716 62.2415 62.2415 7 16.5529 10.6301 25.9422 58.5235 16.1555 15 30.4138 20.6155 16.1245
33.541 18.6011 16.4012 13.9284 21.2132 15.8114 22.6716 17.72 25 41.2311 42.72 38.3275 38.0789 34.4819 36.2491 33.5261 30.4138 33.541 19.8494 15.2643 22.6716 0 41.2311 56.5685 18.0278 10 23.7697 9.434 36.2353 9.2195 8.544 19.2094 23.0868 17.0294
47.1699 29.4279 27 27.4591 25.4951 25.4951 23.5372 23.5372 20.6155 82.4621 83.8153 79.555 79.0569 75.6902 77.1622 74.7262 71.5891 74.3303 27.4591 27.074 62.2415 41.2311 0 50 55.9017 50.9902 58.5235 45.0444 10.6301 46.0977 49.7293 52.2398 50.3289 49.0918
26.9258 62.1772 56.8243 52.4786 60.4152 51.4782 59.6154 50.5371 58.5235 85.44 83.8153 82.6378 79.0569 78.924 77.1622 78 78.2624 74.3303 61.2699 55.0727 62.2415 56.5685 50 0 55.9017 64.0312 52.2015 65.7951 57.5587 52.2015 60.6053 75.6902 41.6293 47.0106
29.1548 36.6197 33.9706 30.4795 39.0512 32.0156 40.3609 33.6006 42.4264 30.4138 30 27.4591 25 23.5372 23 22.561 22.3607 20 37.8021 32.5269 7 18.0278 55.9017 55.9017 0 15 7.0711 23.5372 52.8015 10 12.1655 30.0666 14.4222 9.2195
39.0512 25.807 25.0799 23.5372 29.1548 25.4951 30.8869 27.4591 33.541 31.6228 33.541 28.7924 29.1548 25.0799 27.4591 24.1661 20.6155 25 27.4591 24.3516 16.5529 10 50.9902 64.0312 15 0 22.0227 9.434 45.31 12.0416 3.6056 15.1327 25.9422 19.2354
25.2982 42.0595 38.833 34.8281 44.1022 36.1248 45.2217 37.4833 47.0106 33.2415 31.7805 30.4631 26.9258 26.8328 25 25.9422 27.0185 22.1359 43.0465 37.2022 10.6301 23.7697 58.5235 52.2015 7.0711 22.0227 0 30.2655 56.5862 14.7648 19.0263 37.1214 11.0454 9.434
42.9418 17.4642 18.1108 18.2483 21.1896 20.2237 23.0868 22.2036 25.9615 39.3573 41.8808 36.7151 37.8021 33.2866 36.2353 32.45 28.178 33.9706 19.3132 18 25.9422 9.434 45.0444 65.7951 23.5372 9.434 30.2655 0 38.0789 17.2627 11.4018 9.8995 31.7805 25.318
49.98 21.095 20.2485 22.4722 17.1172 20.8087 15.1327 19.2094 12.1655 76.896 78.7909 74.0945 74.2496 70.3847 72.45 69.4622 65.7875 69.7711 19.105 21.0238 58.5235 36.2353 10.6301 57.5587 52.8015 45.31 56.5862 38.0789 0 42.8019 44.7214 44.0454 50 47.3814
27.0185 27.2947 24.2074 20.5183 29.4109 22.0227 30.6105 23.6008 32.5576 38.0132 38.4708 35.0143 33.541 31.0161 31.5753 30.0167 28.2843 28.6356 28.3019 22.6716 16.1555 9.2195 46.0977 52.2015 10 12.0416 14.7648 17.2627 42.8019 0 8.4853 26 14.5602 8.0623
35.4683 26.1725 24.6982 22.4722 29.2062 24.3516 30.8058 26.2488 33.2866 32.7567 34.176 29.8329 29.5466 25.9615 27.7308 25 22.0907 25.0599 27.6586 23.7065 15 8.544 49.7293 60.6053 12.1655 3.6056 19.0263 11.4018 44.7214 8.4853 0 18.4391 22.3607 15.6525
52.4786 23 25.4951 26.9258 27 28.7924 29 30.6757 32 37.5366 41.0366 35.3553 37.8021 32.6497 36.6197 32.0156 26.9072 34.9857 25 25.9615 30.4138 19.2094 52.2398 75.6902 30.0666 15.1327 37.1214 9.8995 44.0454 26 18.4391 0 40.4969 33.8378
14.7648 39.0512 34.7851 30.0832 40.1622 30.8707 40.8534 31.7648 42.0476 43.9659 42.7551 41.1096 37.855 37.3363 35.9026 36.4005 36.7151 32.9848 39.5601 32.8938 20.6155 23.0868 50.3289 41.6293 14.4222 25.9422 11.0454 31.7805 50 14.5602 22.3607 40.4969 0 6.7082
20.6155 34.176 30.4138 26.0768 35.7771 27.2029 36.7151 28.4253 38.2753 39.6232 39.0512 36.6742 34.0588 32.7567 32.0624 31.7805 31.3847 29.0689 34.9285 28.6531 16.1245 17.0294 49.0918 47.0106 9.2195 19.2354 9.434 25.318 47.3814 8.0623 15.6525 33.8378 6.7082 0
