417.81
13
43 186 10
308 368 10
46 201 10
339 438 10
377 494 10
33 166 10
247 307 10
214 421 10
187 247 10
191 410 10
27 507 10
14 74 10
212 692 10
0 43.0116 37.2022 36.0555 40.3113 30.8058 33.541 35.3412 15.8114 9.21954 25.4951 27.4591 14.7648 17.1172
43.0116 0 5.831 7.0711 5 12.2066 11.1803 10.4403 28.2843 47.3814 30 20.0998 43.6807 37.855
37.2022 5.831 0 2 5.3852 6.4031 7 7.2801 22.6716 41.7732 25.1794 15.0333 38.0789 32.3883
36.0555 7.0711 2 0 5 5.3852 5 5.3852 21.2132 40.3113 25.4951 15.2971 37.6563 32.1403
40.3113 5 5.3852 5 0 10.198 7.0711 5.831 25 43.9318 30.4138 20.2237 42.5793 37.1214
30.8058 12.2066 6.4031 5.3852 10.198 0 5.831 7.6158 16.4012 35.4683 21.1896 11.1803 32.3883 27.0185
33.541 11.1803 7 5 7.0711 5.831 0 2 18.0278 36.8782 26.9258 17 37.054 32.0624
35.3412 10.4403 7.2801 5.3852 5.831 7.6158 2 0 19.7231 38.4187 28.7924 18.7883 39.0512 34.0588
15.8114 28.2843 22.6716 21.2132 25 16.4012 18.0278 19.7231 0 19.105 22.3607 18 23.4094 20.8087
9.2195 47.3814 41.7732 40.3113 43.9318 35.4683 36.8782 38.4187 19.105 0 34.1321 34.5398 23.7697 26.3059
25.4951 30 25.1794 25.4951 30.4138 21.1896 26.9258 28.7924 22.3607 34.1321 0 10.198 16.9706 10.6301
27.4591 20.0998 15.0333 15.2971 20.2237 11.1803 17 18.7883 18 34.5398 10.198 0 24.1661 18.0278
14.7648 43.6807 38.0789 37.6563 42.5793 32.3883 37.054 39.0512 23.4094 23.7697 16.9706 24.1661 0 6.4031
17.1172 37.855 32.3883 32.1403 37.1214 27.0185 32.0624 34.0588 20.8087 26.3059 10.6301 18.0278 6.4031 0
