950.05
34
431 911 10
30 510 10
291 771 10
40 520 10
393 502 10
120 600 10
397 457 10
43 523 10
35 366 10
609 872 10
821 881 10
349 829 10
562 799 10
307 787 10
432 665 10
38 322 10
424 904 10
327 807 10
25 505 10
554 767 10
842 902 10
191 310 10
11 140 10
240 451 10
794 854 10
366 483 10
382 442 10
14 494 10
19 499 10
262 377 10
611 897 10
382 862 10
14 494 10
870 930 10
0 38.0789 30.8058 39.3573 40.3113 33.3017 35.3553 39.0512 32.3883 35.3553 35.0571 45.2769 58.5235 51.0784 47.4342 37.2022 38.3275 45.0444 35.3412 25 18.0278 47.1699 20.6155 11.1803 39.2938 49.98 32.5576 38.4708 14.7648 19.2354 17.8885 52.4786 15.5242 14.1421 19.2354
38.0789 0 10.4403 3 5 12.2066 14.1421 11.1803 43.4626 44.7214 71.1969 80.6226 89.0225 82.8794 78.1025 8.6023 46.1411 81.7863 68.6222 55 39.0512 75.6637 58.5235 46.0977 33.9706 82.0244 33.6155 25.4951 42.0476 55.3173 27.0185 90.355 43.1393 33.0151 18.9737
30.8058 10.4403 0 10 10.198 4 7 8.6023 33.1059 34.4819 62.0967 71.1969 85.7555 79.0569 74.6257 6.4031 36.0555 72.8011 64.0312 45.0999 36.2491 65.3758 50.5371 37.3363 25 72.0069 23.6008 17.4642 32.3883 46.4866 17.1172 83.2166 39.1152 23.3452 12.0416
39.3573 3 10 0 2 10.7703 12.2066 8.6023 42.3792 43.4626 71.8053 81.0494 91.4 85.1469 80.4301 6.4031 44.7214 82.4621 70.7107 55.0818 41.4005 75.326 59.6154 46.8402 32.0156 82.0061 32.2025 23.3452 42.2966 56.0446 27.074 91.788 45.2769 33.2415 20.1246
40.3113 5 10.198 2 0 10.198 11.1803 7.0711 41.7612 42.72 72.2772 81.3941 93.005 86.6833 82.0061 5.3852 43.8634 82.9699 72.1388 55.2268 43.0116 75.1665 60.4152 47.4342 30.8058 82.0549 31.3847 22.0227 42.5793 56.6127 27.2947 92.785 46.7547 33.541 21.095
33.3017 12.2066 4 10.7703 10.198 0 3 5.831 31.6228 32.6956 63.2456 72.0347 89.1852 82.3772 78.032 5 34 74 67.2012 45.5412 39.9249 65.0692 52.4786 38.9102 21.9317 72.1734 21.4709 13.8924 33.2415 47.927 18.0278 85.4459 42.5441 24.3516 15.2643
35.3553 14.1421 7 12.2066 11.1803 3 0 5 30.8058 31.6228 64.2573 72.8011 91.788 84.9058 80.6226 5.831 32.6956 75.0267 69.6348 46.0977 42.72 65 54.0833 40.3113 19.8494 72.4431 20.2485 11.4018 34.176 49.1935 19.2354 87.2009 45.1774 25.4951 17.8885
39.0512 11.1803 8.6023 8.6023 7.0711 5.831 5 0 35.6931 36.4005 68.9493 77.6209 94.34 87.6584 83.2166 3 37.3363 79.712 72.6223 50.9902 44.7214 70 58.3095 44.7214 23.8537 77.4145 25 15 38.8973 53.7122 23.7697 91.263 47.7074 30.0832 20.6155
32.3883 43.4626 33.1059 42.3792 41.7612 31.6228 30.8058 35.6931 0 3 42.4264 48.2597 88.2836 80.4114 77.6466 36.4005 6 52.4976 64.7765 22.6716 49.3356 35.6931 39.9249 27.4591 16.1555 44.5982 11 23.0868 19.105 32.2025 20.6155 71.2811 47.8539 19.3132 31.8277
35.3553 44.7214 34.4819 43.4626 42.72 32.6956 31.6228 36.4005 3 0 44.5982 50 91.241 83.3607 80.6226 37.3363 3 54.4885 67.7422 25 52.2015 36.4005 42.72 30.4138 15.2971 45.6946 11.4018 23.0217 22.0907 34.9285 23.0217 73.7835 50.8035 22.1359 34.0588
35.0571 71.1969 62.0967 71.8053 72.2772 63.2456 64.2573 68.9493 42.4264 44.5982 0 10.4403 58.9406 51.2445 51.0784 68.0074 46.8615 10.7703 39.4462 19.8494 48.1041 23.5372 16.5529 25.1794 57.6281 19.2094 50.8035 61.9112 30.0832 16.0312 45.2217 30.6757 42.5441 38.8973 52.469
45.2769 80.6226 71.1969 81.0494 81.3941 72.0347 72.8011 77.6209 48.2597 50 10.4403 0 65 57.6975 58.3095 76.9025 51.8556 7 47.634 26.9258 58.5235 20.6155 26.9258 35 64.1405 12.1655 57.7062 69.3542 38.833 26.0768 54.1295 32 52.9245 47.8539 62.1289
58.5235 89.0225 85.7555 91.4 93.005 89.1852 91.788 94.34 88.2836 91.241 58.9406 65 0 8 11.1803 91.81 94.202 58.6003 23.5372 70 50 82.4621 50 60.8276 97.719 76.896 90.802 96.773 69.2315 58.0086 76.3217 37.5366 46.6476 72.4224 73.9256
51.0784 82.8794 79.0569 85.1469 86.6833 82.3772 84.9058 87.6584 80.4114 83.3607 51.2445 57.6975 8 0 5.3852 85.2115 86.3134 51.4782 15.8114 62 43.8634 74.7262 42 52.9528 90.139 69.4622 83.1685 89.4707 61.3922 50.01 68.942 32.0156 40 64.846 67.1193
47.4342 78.1025 74.6257 80.4301 82.0061 78.032 80.6226 83.2166 77.6466 80.6226 51.0784 58.3095 11.1803 5.3852 0 80.7094 83.6002 52.4309 13 60.208 39.0512 74.3303 40.3113 50.2494 86.6833 69.7711 79.8123 85.6154 58.5491 48.1664 65.192 34.9857 35.5106 61.4003 62.7694
37.2022 8.6023 6.4031 6.4031 5.3852 5 5.831 3 36.4005 37.3363 68.0074 76.9025 91.81 85.2115 80.7094 0 38.4838 78.7464 70.2922 50.4876 42.0595 70.0643 56.8243 43.4626 25.6125 77.1622 26 16.9706 38.0789 52.5547 22.8035 89.5879 45.2217 29.1204 18.3848
38.3275 46.1411 36.0555 44.7214 43.8634 34 32.6956 37.3363 6 3 46.8615 51.8556 94.202 86.3134 83.6002 38.4838 0 56.5685 70.7107 27.4591 55.0818 37.3363 45.5412 33.3766 15 46.9574 12.53 23.3452 25.0799 37.6962 25.5539 76.3217 53.7587 25 36.4005
45.0444 81.7863 72.8011 82.4621 82.9699 74 75.0267 79.712 52.4976 54.4885 10.7703 7 58.6003 51.4782 52.4309 78.7464 56.5685 0 42.4264 30.2324 56.5155 27.4591 25.1794 35.6931 68.0074 19.105 61.2944 72.5603 40.8534 26.4764 55.9732 25 50.6952 49.6488 62.9682
35.3412 68.6222 64.0312 70.7107 72.1388 67.2012 69.6348 72.6223 64.7765 67.7422 39.4462 47.634 23.5372 15.8114 13 70.2922 70.7107 42.4264 0 47.2652 30.2324 62.2415 27.4591 37.3363 74.3303 58.5235 67.3573 73.7902 45.7056 35.2278 53.2259 30.4138 25.4951 49.0408 52.0096
25 55 45.0999 55.0818 55.2268 45.5412 46.0977 50.9902 22.6716 25 19.8494 26.9258 70 62 60.208 50.4876 27.4591 30.2324 47.2652 0 42.4264 22.3607 20 14.1421 37.8021 27.074 31.0644 42.4853 13.1529 12.0416 28.0179 48.8774 38.4187 22.0227 37.4833
18.0278 39.0512 36.2491 41.4005 43.0116 39.9249 42.72 44.7214 49.3356 52.2015 48.1041 58.5235 50 43.8634 39.0512 42.0595 55.0818 56.5155 30.2324 42.4264 0 64.0312 31.6228 28.2843 53 65.3682 47.1699 49.6488 32.7567 34.1321 31.0644 56.2939 6 30.0832 25
47.1699 75.6637 65.3758 75.326 75.1665 65.0692 65 70 35.6931 36.4005 23.5372 20.6155 82.4621 74.7262 74.3303 70.0643 37.3363 27.4591 62.2415 22.3607 64.0312 0 36.0555 36.0555 51.6624 10.6301 46.5296 58.6941 35.1141 30.4138 48.8365 52.2398 59.4643 43.4166 59.203
20.6155 58.5235 50.5371 59.6154 60.4152 52.4786 54.0833 58.3095 39.9249 42.72 16.5529 26.9258 50 42 40.3113 56.8243 45.5412 25.1794 27.4591 20 31.6228 36.0555 0 14.1421 52.4309 34.8281 45.2217 54.4518 22.2036 8.0623 35 33.3017 26 29.0689 39.5601
11.1803 46.0977 37.3363 46.8402 47.4342 38.9102 40.3113 44.7214 27.4591 30.4138 25.1794 35 60.8276 52.9528 50.2494 43.4626 33.3766 35.6931 37.3363 14.1421 28.2843 36.0555 14.1421 0 38.5876 38.8973 31.3847 40.3113 8.544 9.2195 21.095 47.4236 24.4131 15 27.2947
39.2938 33.9706 25 32.0156 30.8058 21.9317 19.8494 23.8537 16.1555 15.2971 57.6281 64.1405 97.719 90.139 86.6833 25.6125 15 68.0074 74.3303 37.8021 53 51.6624 52.4309 38.5876 0 60.7454 7.2111 8.9443 30.2324 45.4533 22.0907 85.1469 53.3385 25.2982 29.8329
49.98 82.0244 72.0069 82.0061 82.0549 72.1734 72.4431 77.4145 44.5982 45.6946 19.2094 12.1655 76.896 69.4622 69.7711 77.1622 46.9574 19.105 58.5235 27.074 65.3682 10.6301 34.8281 38.8973 60.7454 0 55.0818 67.1863 40.1995 31.305 55.0091 44.0454 60.208 49.0918 64.4981
32.5576 33.6155 23.6008 32.2025 31.3847 21.4709 20.2485 25 11 11.4018 50.8035 57.7062 90.802 83.1685 79.8123 26 12.53 61.2944 67.3573 31.0644 47.1699 46.5296 45.2217 31.3847 7.2111 55.0818 0 12.1655 23.0217 38.2884 16.1245 77.9872 47.0425 18.4391 25.4951
38.4708 25.4951 17.4642 23.3452 22.0227 13.8924 11.4018 15 23.0868 23.0217 61.9112 69.3542 96.773 89.4707 85.6154 16.9706 23.3452 72.5603 73.7902 42.4853 49.6488 58.6941 54.4518 40.3113 8.9443 67.1863 12.1655 0 32.6497 48.2701 20.5913 87.6926 50.9608 25.6125 25.02
14.7648 42.0476 32.3883 42.2966 42.5793 33.2415 34.176 38.8973 19.105 22.0907 30.0832 38.833 69.2315 61.3922 58.5491 38.0789 25.0799 40.8534 45.7056 13.1529 32.7567 35.1141 22.2036 8.544 30.2324 40.1995 23.0217 32.6497 0 15.6205 15.2971 55.1725 30.0832 9.0554 24.3311
19.2354 55.3173 46.4866 56.0446 56.6127 47.927 49.1935 53.7122 32.2025 34.9285 16.0312 26.0768 58.0086 50.01 48.1664 52.5547 37.6962 26.4764 35.2278 12.0416 34.1321 30.4138 8.0623 9.2195 45.4533 31.305 38.2884 48.2701 15.6205 0 29.9666 39.6989 29.2062 23.7065 36.4966
17.8885 27.0185 17.1172 27.074 27.2947 18.0278 19.2354 23.7697 20.6155 23.0217 45.2217 54.1295 76.3217 68.942 65.192 22.8035 25.5539 55.9732 53.2259 28.0179 31.0644 48.8365 35 21.095 22.0907 55.0091 16.1245 20.5913 15.2971 29.9666 0 68.2495 31.257 6.3246 11.4018
52.4786 90.355 83.2166 91.788 92.785 85.4459 87.2009 91.263 71.2811 73.7835 30.6757 32 37.5366 32.0156 34.9857 89.5879 76.3217 25 30.4138 48.8774 56.2939 52.2398 33.3017 47.4236 85.1469 44.0454 77.9872 87.6926 55.1725 39.6989 68.2495 0 50.448 62.3699 71.6938
15.5242 43.1393 39.1152 45.2769 46.7547 42.5441 45.1774 47.7074 47.8539 50.8035 42.5441 52.9245 46.6476 40 35.5106 45.2217 53.7587 50.6952 25.4951 38.4187 6 59.4643 26 24.4131 53.3385 60.208 47.0425 50.9608 30.0832 29.2062 31.257 50.448 0 29.0689 27.2947
14.1421 33.0151 23.3452 33.2415 33.541 24.3516 25.4951 30.0832 19.3132 22.1359 38.8973 47.8539 72.4224 64.846 61.4003 29.1204 25 49.6488 49.0408 22.0227 30.0832 43.4166 29.0689 15 25.2982 49.0918 18.4391 25.6125 9.0554 23.7065 6.3246 62.3699 29.0689 0 15.8114
19.2354 18.9737 12.0416 20.1246 21.095 15.2643 17.8885 20.6155 31.8277 34.0588 52.469 62.1289 73.9256 67.1193 62.7694 18.3848 36.4005 62.9682 52.0096 37.4833 25 59.203 39.5601 27.2947 29.8329 64.4981 25.4951 25.02 24.3311 36.4966 11.4018 71.6938 27.2947 15.8114 0
