894.1
28
388 508 10
367 487 10
653 773 10
703 823 10
201 321 10
681 801 10
784 904 10
43 163 10
0 909 10
278 398 10
64 184 10
329 449 10
376 496 10
33 153 10
574 694 10
489 609 10
599 719 10
782 902 10
167 287 10
191 311 10
11 131 10
268 388 10
612 732 10
241 361 10
0 922 10
645 765 10
764 884 10
355 475 10
0 33.3017 39.0512 38.0789 40.3113 45.0444 35.0571 45.2769 43.0116 40.6079 37.2022 36.0555 40.3113 30.8058 33.541 38.0789 37.2022 14.1421 47.1699 29.1548 20.6155 11.1803 25.2982 10 25.4951 27.4591 36.0555 49.98 12.0416
33.3017 0 5.831 42.0595 34.9857 72.8011 63.2456 72.0347 48.0521 47.5184 44.2832 42.2966 43.1741 40 37.3363 38.3275 5 19.2094 65.0692 61.7171 52.4786 38.9102 56.6127 26.6271 51.0784 46.0977 55.0364 72.1734 35.3553
39.0512 5.831 0 46.0977 38.0789 78.4474 68.9493 77.6209 50.2494 50.04 47 45 45.2769 43.2897 40 40.3113 3 25 70 67.2681 58.3095 44.7214 62.0081 32.0156 55.9017 50.2892 60.208 77.4145 40.4969
38.0789 42.0595 46.0977 0 11.1803 44.5982 38.5876 42.4264 78.1025 76.2168 72.6223 71.0634 74.3303 66.4003 67.2681 70.7107 46.8402 35.3553 26.9258 60 40.3113 30.4138 59.4138 43.0116 63.2456 65.2993 21.2132 36.7151 49.6488
40.3113 34.9857 38.0789 11.1803 0 55.1725 48.4149 53.1507 76.3217 74.793 71.1969 69.4622 72.111 65.2993 65.192 68.0074 39.3573 33.541 38.0789 65.7647 47.4342 35.3553 64.0703 42.72 65.7647 66.0984 32.0156 47.8853 50.6952
45.0444 72.8011 78.4474 44.5982 55.1725 0 10 3 84.4334 81.5966 78.7464 78.1601 82.9699 72.8011 76.9025 81.7863 77.6209 55.5788 23.5372 40.3609 25.9615 35.1283 45.2217 55.0364 56.8243 65 23.4307 15.1327 54.1295
35.0571 63.2456 68.9493 38.5876 48.4149 10 0 10.4403 75.0267 72.2357 69.2892 68.6222 73.3757 63.2456 67.1863 72.0347 68.0074 45.7056 23.5372 33.6006 16.5529 25.1794 37.4833 45.0444 48.2597 55.9017 18.6815 19.2094 44.3847
45.2769 72.0347 77.6209 42.4264 53.1507 3 10.4403 0 85.44 82.6378 79.712 79.0569 83.8153 73.6817 77.6209 82.4621 76.9025 55.2268 20.6155 42.4264 26.9258 35 47.0106 55.2268 58.3095 66.2118 21.2132 12.1655 54.8179
43.0116 48.0521 50.2494 78.1025 76.3217 84.4334 75.0267 85.44 0 3 5.831 7.0711 5 12.2066 11.1803 10 47.2652 43.0116 90.139 50 58.5235 54.0833 43.0116 35.3553 30 20.0998 79.0569 92.13 31.3847
40.6079 47.5184 50.04 76.2168 74.793 81.5966 72.2357 82.6378 3 0 3.6056 5.3852 5.831 9.8995 10.198 10.4403 47.0425 41.3401 87.6584 47 55.7136 51.614 40.0125 33.3017 27 17.1172 76.6094 89.4707 28.8444
37.2022 44.2832 47 72.6223 71.1969 78.7464 69.2892 79.712 5.831 3.6056 0 2 5.3852 6.4031 7 8.6023 44 37.7359 84.3149 45.0999 52.811 48.2597 38.0526 29.7321 25.1794 15.0333 73.2393 86.3134 25.5539
36.0555 42.2966 45 71.0634 69.4622 78.1601 68.6222 79.0569 7.0711 5.3852 2 0 5 5.3852 5 7.0711 42 36.0555 83.2166 45.2769 52.2015 47.1699 38.2099 28.2843 25.4951 15.2971 72.111 85.4283 24.5967
40.3113 43.1741 45.2769 74.3303 72.111 82.9699 73.3757 83.8153 5 5.831 5.3852 5 0 10.198 7.0711 5 42.2966 39.0512 87.4643 50.2494 57.0088 51.4782 43.1856 32.0156 30.4138 20.2237 76.3217 89.9611 29.1548
30.8058 40 43.2897 66.4003 65.2993 72.8011 63.2456 73.6817 12.2066 9.8995 6.4031 5.3852 10.198 0 5.831 10.4403 40.3113 31.7648 77.9359 40.6079 46.8402 41.8808 33.541 23.4307 21.1896 11.1803 66.8506 80.0562 19.2354
33.541 37.3363 40 67.2681 65.192 76.9025 67.1863 77.6209 11.1803 10.198 7 5 7.0711 5.831 0 5 37 32.0156 80.6226 46.0977 50.9902 44.7214 39.0512 25 26.9258 17 69.4622 83.3847 22.8035
38.0789 38.3275 40.3113 70.7107 68.0074 81.7863 72.0347 82.4621 10 10.4403 8.6023 7.0711 5 10.4403 5 0 37.3363 35.3553 85 50.9902 55.9017 49.2443 43.9318 29.1548 31.6228 21.5407 73.8241 88.0227 27.6586
37.2022 5 3 46.8402 39.3573 77.6209 68.0074 76.9025 47.2652 47.0425 44 42 42.2966 40.3113 37 37.3363 0 23.3238 70.0643 65.0692 56.8243 43.4626 59.6657 29.7321 53.2353 47.4342 60.0333 77.1622 38.0132
14.1421 19.2094 25 35.3553 33.541 55.5788 45.7056 55.2268 43.0116 41.3401 37.7359 36.0555 39.0512 31.7648 32.0156 35.3553 23.3238 0 52.2015 43.0116 33.541 20.6155 38.4708 10 35.3553 33.3766 41.2311 57.4282 19.105
47.1699 65.0692 70 26.9258 38.0789 23.5372 23.5372 20.6155 90.139 87.6584 84.3149 83.2166 87.4643 77.9359 80.6226 85 70.0643 52.2015 0 55.9017 36.0555 36.0555 58.5235 55.9017 67.2681 73 11.1803 10.6301 58.8218
29.1548 61.7171 67.2681 60 65.7647 40.3609 33.6006 42.4264 50 47 45.0999 45.2769 50.2494 40.6079 46.0977 50.9902 65.0692 43.0116 55.9017 0 20.6155 30.4138 7.0711 35.3553 20 30.0666 47.4342 52.8015 28.0179
20.6155 52.4786 58.3095 40.3113 47.4342 25.9615 16.5529 26.9258 58.5235 55.7136 52.811 52.2015 57.0088 46.8402 50.9902 55.9017 56.8243 33.541 36.0555 20.6155 0 14.1421 22.4722 30.4138 32.0156 39.3573 26.9258 34.8281 28.2843
11.1803 38.9102 44.7214 30.4138 35.3553 35.1283 25.1794 35 54.0833 51.614 48.2597 47.1699 51.4782 41.8808 44.7214 49.2443 43.4626 20.6155 36.0555 30.4138 14.1421 0 29.0689 20.6155 33.541 37.5366 25 38.8973 22.8035
25.2982 56.6127 62.0081 59.4138 64.0703 45.2217 37.4833 47.0106 43.0116 40.0125 38.0526 38.2099 43.1856 33.541 39.0512 43.9318 59.6657 38.4708 58.5235 7.0711 22.4722 29.0689 0 30 13.0384 23.0217 49.1935 56.5862 21.9317
10 26.6271 32.0156 43.0116 42.72 55.0364 45.0444 55.2268 35.3553 33.3017 29.7321 28.2843 32.0156 23.4307 25 29.1548 29.7321 10 55.9017 35.3553 30.4138 20.6155 30 0 25.4951 23.5372 44.7214 59.4811 9.2195
25.4951 51.0784 55.9017 63.2456 65.7647 56.8243 48.2597 58.3095 30 27 25.1794 25.4951 30.4138 21.1896 26.9258 31.6228 53.2353 35.3553 67.2681 20 32.0156 33.541 13.0384 25.4951 0 10.198 57.0088 66.8431 16.2788
27.4591 46.0977 50.2892 65.2993 66.0984 65 55.9017 66.2118 20.0998 17.1172 15.0333 15.2971 20.2237 11.1803 17 21.5407 47.4342 33.3766 73 30.0666 39.3573 37.5366 23.0217 23.5372 10.198 0 62.2415 73.7835 15.6525
36.0555 55.0364 60.208 21.2132 32.0156 23.4307 18.6815 21.2132 79.0569 76.6094 73.2393 72.111 76.3217 66.8506 69.4622 73.8241 60.0333 41.2311 11.1803 47.4342 26.9258 25 49.1935 44.7214 57.0088 62.2415 0 17.2627 47.8017
49.98 72.1734 77.4145 36.7151 47.8853 15.1327 19.2094 12.1655 92.13 89.4707 86.3134 85.4283 89.9611 80.0562 83.3847 88.0227 77.1622 57.4282 10.6301 52.8015 34.8281 38.8973 56.5862 59.4811 66.8431 73.7835 17.2627 0 60.8358
12.0416 35.3553 40.4969 49.6488 50.6952 54.1295 44.3847 54.8179 31.3847 28.8444 25.5539 24.5967 29.1548 19.2354 22.8035 27.6586 38.0132 19.105 58.8218 28.0179 28.2843 22.8035 21.9317 9.2195 16.2788 15.6525 47.8017 60.8358 0
