617.46
28
0 911 10
0 910 10
0 909 10
371 491 10
519 639 10
653 773 10
0 908 10
703 823 10
43 163 10
64 184 10
33 153 10
217 337 10
37 157 10
0 911 10
0 925 10
375 495 10
0 923 10
0 934 10
157 277 10
810 930 10
0 910 10
365 485 10
352 472 10
359 479 10
260 380 10
0 935 10
308 428 10
810 930 10
0 38.0789 39.3573 40.3113 33.541 31.6228 38.0789 41.2311 40.3113 43.0116 36.0555 33.541 35.3412 37.7359 38.3275 25 20 26.9258 15.8114 9.2195 19.6469 39.2938 32.5576 38.4708 38.2099 17.8885 14.1421 20.5183 19.2354
38.0789 0 3 5 52.2015 47.4342 53.8516 51.4782 47.1699 40 35.3553 30.4138 30.1496 5.831 46.1411 55 35.3553 26.9258 28.2843 33.541 18.868 33.9706 33.6155 25.4951 62.3699 27.0185 33.0151 50.01 18.9737
39.3573 3 0 2 51.4198 46.5725 52.811 50.0899 45.6508 43 38.3275 33.3766 33.1361 3.6056 44.7214 55.0818 35.0571 25.9615 30.4795 34.2053 20.6155 32.0156 32.2025 23.3452 61.8142 27.074 33.2415 50.1597 20.1246
40.3113 5 2 0 50.9902 46.0977 52.2015 49.2443 44.7214 45 40.3113 35.3553 35.1283 3 43.8634 55.2268 35 25.4951 32.0156 34.7851 21.9317 30.8058 31.3847 22.0227 61.5224 27.2947 33.541 50.3587 21.095
33.541 52.2015 51.4198 50.9902 0 5 5 11.1803 14.1421 74.3303 67.2681 63.6396 65.0692 48.0521 12.8062 15.8114 18.0278 25.4951 46.0977 27.0185 42.2019 26.2488 21.095 33.2415 11.1803 26.9258 23.3452 16 38.2753
31.6228 47.4342 46.5725 46.0977 5 0 7.0711 10 11.1803 71.0634 64.0312 60.208 61.5549 43.1741 9.434 18.0278 14.1421 20.6155 43.0116 24.1868 38.2884 21.5407 16.1245 28.2843 16.1245 22.8035 20 16.7631 34.2053
38.0789 53.8516 52.811 52.2015 5 7.0711 0 7.0711 11.1803 78.1025 71.0634 67.2681 68.6222 49.3356 10.4403 20.6155 21.2132 26.9258 50 31.0644 45.3431 25.1794 21.2132 33.0151 13.0384 29.8329 27.0185 21 41.2311
41.2311 51.4782 50.0899 49.2443 11.1803 10 7.0711 0 5 79.0569 72.111 68.0074 69.2026 46.5188 5.3852 26.9258 22.3607 25 51.4782 33.2415 45.4533 20.0998 17.8885 28.6356 20 30 28.6356 26.4764 41.1096
40.3113 47.1699 45.6508 44.7214 14.1421 11.1803 11.1803 5 0 76.3217 69.4622 65.192 66.2873 42.0595 2 29.1548 20.6155 21.2132 49.2443 31.7805 42.4382 15.1327 13.6015 23.7697 24.1868 27.2947 26.9258 27.8568 38.0132
43.0116 40 43 45 74.3303 71.0634 78.1025 79.0569 76.3217 0 7.0711 11.1803 10.4403 45.0999 74.6257 68.0074 57.0088 55.9017 28.2843 47.3814 34 67.7791 63.9531 61.4003 80.8084 49.0918 51.0882 63.4114 38.4708
36.0555 35.3553 38.3275 40.3113 67.2681 64.0312 71.0634 72.111 69.4622 7.0711 0 5 5.3852 40.05 67.7422 61.0328 50 49.2443 21.2132 40.3113 27.313 61.3514 57.2713 55.3173 73.7564 42.19 44.0454 56.4004 31.7805
33.541 30.4138 33.3766 35.3553 63.6396 60.208 67.2681 68.0074 65.192 11.1803 5 0 2 35.0571 63.5138 58.3095 46.0977 44.7214 18.0278 36.8782 22.8254 56.648 52.7731 50.448 70.6045 38.0132 40.3113 53.535 27.2947
35.3412 30.1496 33.1361 35.1283 65.0692 61.5549 68.6222 69.2026 66.2873 10.4403 5.3852 2 0 35 64.6375 60.0333 47.4236 45.6508 19.7231 38.4187 23.8537 57.3847 53.7122 50.9608 72.2011 39.2046 41.7253 55.2268 28.3019
37.7359 5.831 3.6056 3 48.0521 43.1741 49.3356 46.5188 42.0595 45.0999 40.05 35.0571 35 0 41.1461 52.2398 32 22.561 30.2324 31.9531 19.8494 28.4253 28.6356 19.799 58.5491 24.3311 30.5941 47.3814 18.6011
38.3275 46.1411 44.7214 43.8634 12.8062 9.434 10.4403 5.3852 2 74.6257 67.7422 63.5138 64.6375 41.1461 0 27.4591 18.6815 19.8494 47.4236 29.8329 40.8044 15 12.53 23.3452 23.2594 25.5539 25 26 36.4005
25 55 55.0818 55.2268 15.8114 18.0278 20.6155 26.9258 29.1548 68.0074 61.0328 58.3095 60.0333 52.2398 27.4591 0 20.6155 31.6228 40.3113 22.8035 40.2616 37.8021 31.0644 42.4853 14.3178 28.0179 22.0227 5.099 37.4833
20 35.3553 35.0571 35 18.0278 14.1421 21.2132 22.3607 20.6155 57.0088 50 46.0977 47.4236 32 18.6815 20.6155 0 11.1803 29.1548 11.1803 24.2074 20.5913 13.4164 22.8035 27.2029 8.9443 6.3246 16.1555 20.2485
26.9258 26.9258 25.9615 25.4951 25.4951 20.6155 26.9258 25 21.2132 55.9017 49.2443 44.7214 45.6508 22.561 19.8494 31.6228 11.1803 0 30.4138 17.8885 21.9317 13 8.0623 12.0416 36.1248 9.2195 13.6015 27.313 17.4642
15.8114 28.2843 30.4795 32.0156 46.0977 43.0116 50 51.4782 49.2443 28.2843 21.2132 18.0278 19.7231 30.2324 47.4236 40.3113 29.1548 30.4138 0 19.105 10.7703 43.2897 38.0789 39.1152 52.6308 22.1359 23.0217 35.5106 14.1421
9.2195 33.541 34.2053 34.7851 27.0185 24.1868 31.0644 33.2415 31.7805 47.3814 40.3113 36.8782 38.4187 31.9531 29.8329 22.8035 11.1803 17.8885 19.105 0 17.4642 30.0832 23.3452 29.6816 33.8378 9.2195 5 17.72 15
19.6469 18.868 20.6155 21.9317 42.2019 38.2884 45.3431 45.4533 42.4382 34 27.313 22.8254 23.8537 19.8494 40.8044 40.2616 24.2074 21.9317 10.7703 17.4642 0 34.2053 29.9666 29.0172 50.5371 15.5563 19.2354 35.171 4.4721
39.2938 33.9706 32.0156 30.8058 26.2488 21.5407 25.1794 20.0998 15.1327 67.7791 61.3514 56.648 57.3847 28.4253 15 37.8021 20.5913 13 43.2897 30.0832 34.2053 0 7.2111 8.9443 37.3631 22.0907 25.2982 34.6554 29.8329
32.5576 33.6155 32.2025 31.3847 21.095 16.1245 21.2132 17.8885 13.6015 63.9531 57.2713 52.7731 53.7122 28.6356 12.53 31.0644 13.4164 8.0623 38.0789 23.3452 29.9666 7.2111 0 12.1655 32.249 16.1245 18.4391 27.6586 25.4951
38.4708 25.4951 23.3452 22.0227 33.2415 28.2843 33.0151 28.6356 23.7697 61.4003 55.3173 50.448 50.9608 19.799 23.3452 42.4853 22.8035 12.0416 39.1152 29.6816 29.0172 8.9443 12.1655 0 44.4072 20.5913 25.6125 38.5876 25.02
38.2099 62.3699 61.8142 61.5224 11.1803 16.1245 13.0384 20 24.1868 80.8084 73.7564 70.6045 72.2011 58.5491 23.2594 14.3178 27.2029 36.1248 52.6308 33.8378 50.5371 37.3631 32.249 44.4072 0 36.0555 31.305 17.8045 47.0106
17.8885 27.0185 27.074 27.2947 26.9258 22.8035 29.8329 30 27.2947 49.0918 42.19 38.0132 39.2046 24.3311 25.5539 28.0179 8.9443 9.2195 22.1359 9.2195 15.5563 22.0907 16.1245 20.5913 36.0555 0 6.3246 23.0868 11.4018
14.1421 33.0151 33.2415 33.541 23.3452 20 27.0185 28.6356 26.9258 51.0882 44.0454 40.3113 41.7253 30.5941 25 22.0227 6.3246 13.6015 23.0217 5 19.2354 25.2982 18.4391 25.6125 31.305 6.3246 0 17 15.8114
20.5183 50.01 50.1597 50.3587 16 16.7631 21 26.4764 27.8568 63.4114 56.4004 53.535 55.2268 47.3814 26 5.099 16.1555 27.313 35.5106 17.72 35.171 34.6554 27.6586 38.5876 17.8045 23.0868 17 0 32.3883
19.2354 18.9737 20.1246 21.095 38.2753 34.2053 41.2311 41.1096 38.0132 38.4708 31.7805 27.2947 28.3019 18.6011 36.4005 37.4833 20.2485 17.4642 14.1421 15 4.4721 29.8329 25.4951 25.02 47.0106 11.4018 15.8114 32.3883 0
