601.24
24
30 510 10
43 186 10
308 368 10
46 201 10
339 438 10
377 494 10
33 166 10
247 307 10
37 177 10
405 465 10
554 767 10
629 689 10
560 673 10
214 421 10
197 257 10
570 681 10
613 730 10
191 410 10
27 507 10
332 497 10
14 494 10
311 526 10
457 937 10
212 692 10
0 30.8058 43.0116 37.2022 36.0555 40.3113 30.8058 33.541 35.3412 37.7359 20 18.0278 14.1421 18.0278 15.8114 29.1548 13.0384 10 25.4951 27.4591 12.0416 14.7648 4.2426 12.0416 17.1172
30.8058 0 44.1475 40.3113 38.3275 39.2938 36 33.3766 33.7343 7.2801 25.0799 36.2491 17 48.8262 25.0799 58.7282 42.4853 23.4307 47.4236 42.2019 31.9061 32.3883 31.7648 42.638 44.2041
43.0116 44.1475 0 5.831 7.0711 5 12.2066 11.1803 10.4403 45.0999 57.0088 26.9258 43.0116 52.2015 28.2843 50 53.6656 35.3553 30 20.0998 31.3847 56.6392 47.2017 45.8803 37.855
37.2022 40.3113 5.831 0 2 5.3852 6.4031 7 7.2801 42.0476 51.614 21.1896 37.7359 46.5725 22.6716 45.0999 47.8539 29.7321 25.1794 15.0333 25.5539 50.9313 41.4005 40.1622 32.3883
36.0555 38.3275 7.0711 2 0 5 5.3852 5 5.3852 40.05 50 20.6155 36.0555 46.0977 21.2132 45.2769 47.0106 28.2843 25.4951 15.2971 24.5967 49.5782 40.2244 39.5601 32.1403
40.3113 39.2938 5 5.3852 5 0 10.198 7.0711 5.831 40.1123 53.1507 25.4951 39.0512 50.9902 25 50.2494 51.6236 32.0156 30.4138 20.2237 29.1548 53.4135 44.4185 44.3847 37.1214
30.8058 36 12.2066 6.4031 5.3852 10.198 0 5.831 7.6158 38.6394 45.4863 15.2971 31.7648 40.7922 16.4012 40.6079 41.6293 23.4307 21.1896 11.1803 19.2354 44.5533 35 34.2053 27.0185
33.541 33.3766 11.1803 7 5 7.0711 5.831 0 2 35.0571 46.0977 20 32.0156 45.2769 18.0278 46.0977 45.2217 25 26.9258 17 22.8035 46.4004 37.5899 38.4708 32.0624
35.3412 33.7343 10.4403 7.2801 5.3852 5.831 7.6158 2 0 35 47.4236 22 33.3017 47.2652 19.7231 48.0521 47.1275 26.6271 28.7924 18.7883 24.7386 48.0104 39.3573 40.4475 34.0588
37.7359 7.2801 45.0999 42.0476 40.05 40.1123 38.6394 35.0571 35 0 32 41.3401 24.1661 55.7584 30.2324 65.0692 49.6588 29.7321 52.4786 46.2385 37.6431 39.6232 38.9102 49.4065 50.2494
20 25.0799 57.0088 51.614 50 53.1507 45.4863 46.0977 47.4236 32 0 36.4005 14.1421 33.541 29.1548 47.4342 24.6982 22.3607 45.2769 45.5412 30.0832 9.8995 17.2627 30.0832 37.054
18.0278 36.2491 26.9258 21.1896 20.6155 25.4951 15.2971 20 22 41.3401 36.4005 0 25 25.4951 11.1803 26.9258 26.9258 15 11.1803 9.434 6.3246 32.7567 22.2036 18.9737 12.1655
14.1421 17 43.0116 37.7359 36.0555 39.0512 31.7648 32.0156 33.3017 24.1661 14.1421 25 0 32.0156 15.8114 43.0116 25.4951 10 35.3553 33.3766 19.105 17.2627 14.7648 26.1725 29.5466
18.0278 48.8262 52.2015 46.5725 46.0977 50.9902 40.7922 45.2769 47.2652 55.7584 33.541 25.4951 32.0156 0 30.4138 15 9.2195 26.9258 25 32.6956 23.0217 24.3516 17.6918 7.0711 14.7648
15.8114 25.0799 28.2843 22.6716 21.2132 25 16.4012 18.0278 19.7231 30.2324 29.1548 11.1803 15.8114 30.4138 0 36.0555 28.2843 7.0711 22.3607 18 8.0623 28.4253 19.6977 23.3452 20.8087
29.1548 58.7282 50 45.0999 45.2769 50.2494 40.6079 46.0977 48.0521 65.0692 47.4342 26.9258 43.0116 15 36.0555 0 24.0832 35.3553 20 30.0666 28.0179 38.833 30.4631 17.4642 15.2643
13.0384 42.4853 53.6656 47.8539 47.0106 51.6236 41.6293 45.2217 47.1275 49.6588 24.6982 26.9258 25.4951 9.2195 28.2843 24.0832 0 23.0217 30 35.609 22.4722 15.2315 10.7703 9.434 19.4165
10 23.4307 35.3553 29.7321 28.2843 32.0156 23.4307 25 26.6271 29.7321 22.3607 15 10 26.9258 7.0711 35.3553 23.0217 0 25.4951 23.5372 9.2195 21.4009 13.3417 20.1246 20.8087
25.4951 47.4236 30 25.1794 25.4951 30.4138 21.1896 26.9258 28.7924 52.4786 45.2769 11.1803 35.3553 25 22.3607 20 30 25.4951 0 10.198 16.2788 39.8497 29.1204 20.6155 10.6301
27.4591 42.2019 20.0998 15.0333 15.2971 20.2237 11.1803 17 18.7883 46.2385 45.5412 9.434 33.3766 32.6956 18 30.0666 35.609 23.5372 10.198 0 15.6525 42.19 31.6228 26.9258 18.0278
12.0416 31.9061 31.3847 25.5539 24.5967 29.1548 19.2354 22.8035 24.7386 37.6431 30.0832 6.3246 19.105 23.0217 8.0623 28.0179 22.4722 9.2195 16.2788 15.6525 0 26.6271 16.2788 16 12.8062
14.7648 32.3883 56.6392 50.9313 49.5782 53.4135 44.5533 46.4004 48.0104 39.6232 9.8995 32.7567 17.2627 24.3516 28.4253 38.833 15.2315 21.4009 39.8497 42.19 26.6271 0 10.7703 22.0227 30.4138
4.2426 31.7648 47.2017 41.4005 40.2244 44.4185 35 37.5899 39.3573 38.9102 17.2627 22.2036 14.7648 17.6918 19.6977 30.4631 10.7703 13.3417 29.1204 31.6228 16.2788 10.7703 0 13 20.025
12.0416 42.638 45.8803 40.1622 39.5601 44.3847 34.2053 38.4708 40.4475 49.4065 30.0832 18.9737 26.1725 7.0711 23.3452 17.4642 9.434 20.1246 20.6155 26.9258 16 22.0227 13 0 10
17.1172 44.2041 37.855 32.3883 32.1403 37.1214 27.0185 32.0624 34.0588 50.2494 37.054 12.1655 29.5466 14.7648 20.8087 15.2643 19.4165 20.8087 10.6301 18.0278 12.8062 30.4138 20.025 10 0
