491.22
22
401 461 0
535 622 0
683 743 0
698 827 0
306 483 0
199 428 0
45 525 0
231 291 0
25 505 0
342 571 0
42 522 0
623 884 0
191 310 0
11 140 0
780 930 0
57 537 0
19 499 0
310 507 0
389 449 0
516 697 0
338 398 0
870 930 0
0 33.541 31.6228 38.0789 40.3113 45.1774 40.05 45 45.0444 25 26.9258 42.4264 26.9258 20.6155 11.1803 19.6469 57.0088 19.2354 32.2025 38.2099 48.1664 20.5183 19.2354
43.541 10 15 15 24.1421 55.3431 50.6079 52.4264 51.0366 25.8114 32.3607 25 35.4951 45.3553 35.4951 52.2019 40.4138 37.2947 25.5563 21.1803 28.0278 26 48.2753
41.6228 15 10 17.0711 21.1803 58.7955 53.8634 56.0977 54.8219 28.0278 35 30 30.6155 46.4005 35 48.2884 45.3553 38.4605 29.4165 26.1245 32.8035 26.7631 44.2053
48.0789 15 17.0711 10 21.1803 59.2037 54.6542 56.0977 54.5982 30.6155 36.9258 25.8114 36.9258 50.3113 40.4138 55.3431 40 42.249 29.4165 23.0384 27.0294 31 51.2311
50.3113 24.1421 21.1803 21.1803 10 69.4643 64.6717 66.5685 65.1725 39.1548 46.0555 36.9258 31.2132 57.4342 45.3553 52.4382 50.3113 49.5601 39.6985 34.1868 37.2947 37.8568 48.0132
55.1774 55.3431 58.7955 59.2037 69.4643 10 15.3852 14 16 41.4006 34.4131 47.1618 72.1772 35.02 46.1386 74.6297 49 36.9258 39.8329 47.2156 52.0595 44.9857 73.3482
50.05 50.6079 53.8634 54.6542 64.6717 15.3852 10 15.3852 16.4031 36.2488 29.2094 43.5261 66.8243 30.2237 40.8058 69.4138 47.3363 31.587 35.2389 43.1059 48.833 39.6816 68.0517
55 52.4264 56.0977 56.0977 66.5685 14 15.3852 10 12 39.1548 32.3607 43.541 70.4152 35.4951 45.3553 74.195 45 36.1725 36.8701 43.8378 48.2753 43.1059 72.6498
55.0444 51.0366 54.8219 54.5982 65.1725 16 16.4031 12 10 38.178 31.5407 41.7648 69.6154 35.9615 45.1283 74.0703 43 36.0192 35.4951 42.2025 46.4005 42.311 72.3939
35 25.8114 28.0278 30.6155 39.1548 41.4006 36.2488 39.1548 38.178 10 17.0711 28.0278 41.6228 30 24.1421 50.2616 42.0156 22.0416 17.2111 24.3178 34.1868 15.099 47.4833
36.9258 32.3607 35 36.9258 46.0555 34.4131 29.2094 32.3607 31.5407 17.0711 10 30.6155 48.0789 25.8114 25.8114 54.2832 42.0156 19.2195 19.0554 28.0278 36.9258 20.7703 52.0119
52.4264 25 30 25.8114 36.9258 47.1618 43.5261 43.541 41.7648 28.0278 30.6155 10 50.3113 46.4005 42.0156 65.0091 25.8114 39.1548 21.7047 14.4721 16.3246 31.9317 61.4782
36.9258 35.4951 30.6155 36.9258 31.2132 72.1772 66.8243 70.4152 69.6154 41.6228 48.0789 50.3113 10 52.4264 38.2843 31.9317 65.9017 46.4005 46.4966 46.1248 53.4166 37.313 27.4642
30.6155 45.3553 46.4005 50.3113 57.4342 35.02 30.2237 35.4951 35.9615 30 25.8114 46.4005 52.4264 10 24.1421 50.2616 57.1699 18.0623 34.7386 43.541 52.72 29.6469 49.5601
21.1803 35.4951 35 40.4138 45.3553 46.1386 40.8058 45.3553 45.1283 24.1421 25.8114 42.0156 38.2843 24.1421 10 39 56.0977 19.2195 31.2603 38.0179 48.0132 20.2956 37.2947
29.6469 52.2019 48.2884 55.3431 52.4382 74.6297 69.4138 74.195 74.0703 50.2616 54.2832 65.0091 31.9317 50.2616 39 10 80.6824 48.0526 57.1275 60.5371 69.6825 45.171 14.4721
67.0088 40.4138 45.3553 40 50.3113 49 47.3363 45 43 42.0156 42.0156 25.8114 65.9017 57.1699 56.0977 80.6824 10 51.2311 34.8395 30.2485 23.0384 46.6197 77.2309
29.2354 37.2947 38.4605 42.249 49.5601 36.9258 31.587 36.1725 36.0192 22.0416 19.2195 39.1548 46.4005 18.0623 19.2195 48.0526 51.2311 10 27.4642 35.9615 45.4683 21.7047 46.4966
42.2025 25.5563 29.4165 29.4165 39.6985 39.8329 35.2389 36.8701 35.4951 17.2111 19.0554 21.7047 46.4966 34.7386 31.2603 57.1275 34.8395 27.4642 10 19 28.0278 22.083 54.1475
48.2099 21.1803 26.1245 23.0384 34.1868 47.2156 43.1059 43.8378 42.2025 24.3178 28.0278 14.4721 46.1248 43.541 38.0179 60.5371 30.2485 35.9615 19 10 20 27.8045 57.0106
58.1664 28.0278 32.8035 27.0294 37.2947 52.0595 48.833 48.2753 46.4005 34.1868 36.9258 16.3246 53.4166 52.72 48.0132 69.6825 23.0384 45.4683 28.0278 20 10 37.8029 65.9464
30.5183 26 26.7631 31 37.8568 44.9857 39.6816 43.1059 42.311 15.099 20.7703 31.9317 37.313 29.6469 20.2956 45.171 46.6197 21.7047 22.083 27.8045 37.8029 10 42.3883
29.2354 48.2753 44.2053 51.2311 48.0132 73.3482 68.0517 72.6498 72.3939 47.4833 52.0119 61.4782 27.4642 49.5601 37.2947 14.4721 77.2309 46.4966 54.1475 57.0106 65.9464 42.3883 10
