511.65
26
431 911 10
291 771 10
674 734 10
40 520 10
393 502 10
120 600 10
397 457 10
225 285 10
43 523 10
35 366 10
204 264 10
204 425 10
655 778 10
377 857 10
531 736 10
432 665 10
38 322 10
187 247 10
240 451 10
366 483 10
382 442 10
817 942 10
262 377 10
789 928 10
382 862 10
14 494 10
0 38.0789 39.3573 36.0555 40.3113 33.3017 35.3553 39.0512 33.5261 32.3883 35.3553 39.2938 41.2311 44.2041 40.6079 38.0789 37.2022 38.3275 9.2195 39.2938 32.5576 38.4708 7.6158 17.8885 21.095 15.5242 14.1421
38.0789 0 3 7.0711 5 12.2066 14.1421 11.1803 48.1041 43.4626 44.7214 50.5371 51.4782 42 40.1123 30 8.6023 46.1411 33.541 33.9706 33.6155 25.4951 43.909 27.0185 48.8365 43.1393 33.0151
39.3573 3 0 5.3852 2 10.7703 12.2066 8.6023 47.1275 42.3792 43.4626 49.2443 50.0899 45 43.1045 33 6.4031 44.7214 34.2053 32.0156 32.2025 23.3452 45.4863 27.074 51.0882 45.2769 33.2415
36.0555 7.0711 5.3852 0 5 5.3852 7.0711 5 41.7612 37 38.0789 43.8634 44.7214 47.2652 45.0444 35.3553 2 39.3573 30.0832 26.9072 26.8328 18.4391 42.638 22.3607 49.6488 43.6005 28.6356
40.3113 5 2 5 0 10.198 11.1803 7.0711 46.5725 41.7612 42.72 48.4665 49.2443 47 45.0999 35 5.3852 43.8634 34.7851 30.8058 31.3847 22.0227 46.6154 27.2947 52.6308 46.7547 33.541
33.3017 12.2066 10.7703 5.3852 10.198 0 3 5.831 36.4005 31.6228 32.6956 38.4838 39.3573 50.01 47.5184 38.3275 5 34 26.4197 21.9317 21.4709 13.8924 40.3113 18.0278 48.7647 42.5441 24.3516
35.3553 14.1421 12.2066 7.0711 11.1803 3 0 5 35.6931 30.8058 31.6228 37.3363 38.0789 52.9528 50.4876 41.2311 5.831 32.6956 28.0179 19.8494 20.2485 11.4018 42.5206 19.2354 51.4296 45.1774 25.4951
39.0512 11.1803 8.6023 5 7.0711 5.831 5 0 40.6079 35.6931 36.4005 42.0595 42.72 52.2398 50.04 40.3113 3 37.3363 32.249 23.8537 25 15 45.9674 23.7697 53.8516 47.7074 30.0832
33.5261 48.1041 47.1275 41.7612 46.5725 36.4005 35.6931 40.6079 0 5 5.831 6 8 74.2024 70.8025 65.0692 41.2311 7.8102 25.9422 20.8806 16 28.0713 39.6232 24.0832 54.3415 49.0408 21.6333
32.3883 43.4626 42.3792 37 41.7612 31.6228 30.8058 35.6931 5 0 3 7.8102 9.434 71.2811 67.9559 61.7171 36.4005 6 24.0416 16.1555 11 23.0868 39.0512 20.6155 53.4603 47.8539 19.3132
35.3553 44.7214 43.4626 38.0789 42.72 32.6956 31.6228 36.4005 5.831 3 0 5.831 7.0711 73.7835 70.4911 64.0312 37.3363 3 26.9258 15.2971 11.4018 23.0217 42.0476 23.0217 56.4358 50.8035 22.1359
39.2938 50.5371 49.2443 43.8634 48.4665 38.4838 37.3363 42.0595 6 7.8102 5.831 0 2 79.0569 75.7166 69.527 43.0813 5 31.3847 20 17.088 28.2843 45.5412 28.4253 60.208 54.8179 26.8328
41.2311 51.4782 50.0899 44.7214 49.2443 39.3573 38.0789 42.72 8 9.434 7.0711 2 0 80.7094 77.3886 71.0634 43.8634 5.3852 33.2415 20.0998 17.8885 28.6356 47.5184 30 62.1691 56.7539 28.6356
44.2041 42 45 47.2652 47 50.01 52.9528 52.2398 74.2024 71.2811 73.7835 79.0569 80.7094 0 3.6056 12 49.2544 76.3217 48.8365 69.6419 65.7419 63.3246 42.9418 50.774 33.541 33.2415 52.6308
40.6079 40.1123 43.1045 45.0444 45.0999 47.5184 50.4876 50.04 70.8025 67.9559 70.4911 75.7166 77.3886 3.6056 0 10.4403 47.0425 73.0616 45.3431 66.7308 62.6498 60.6383 39.3573 47.5079 30.2655 29.7321 49.2037
38.0789 30 33 35.3553 35 38.3275 41.2311 40.3113 65.0692 61.7171 64.0312 69.527 71.0634 12 10.4403 0 37.3363 66.4003 40.8044 58.6003 55.2268 51.8652 38.833 41.1096 33.541 31 43.9318
37.2022 8.6023 6.4031 2 5.3852 5 5.831 3 41.2311 36.4005 37.3363 43.0813 43.8634 49.2544 47.0425 37.3363 0 38.4838 30.8707 25.6125 26 16.9706 43.9318 22.8035 51.3128 45.2217 29.1204
38.3275 46.1411 44.7214 39.3573 43.8634 34 32.6956 37.3363 7.8102 6 3 5 5.3852 76.3217 73.0616 66.4003 38.4838 0 29.8329 15 12.53 23.3452 45.0444 25.5539 59.4138 53.7587 25
9.2195 33.541 34.2053 30.0832 34.7851 26.4197 28.0179 32.249 25.9422 24.0416 26.9258 31.3847 33.2415 48.8365 45.3431 40.8044 30.8707 29.8329 0 30.0832 23.3452 29.6816 16.7631 9.2195 30 24.0832 5
39.2938 33.9706 32.0156 26.9072 30.8058 21.9317 19.8494 23.8537 20.8806 16.1555 15.2971 20 20.0998 69.6419 66.7308 58.6003 25.6125 15 30.0832 0 7.2111 8.9443 46.8402 22.0907 59.5399 53.3385 25.2982
32.5576 33.6155 32.2025 26.8328 31.3847 21.4709 20.2485 25 16 11 11.4018 17.088 17.8885 65.7419 62.6498 55.2268 26 12.53 23.3452 7.2111 0 12.1655 40.025 16.1245 53.1507 47.0425 18.4391
38.4708 25.4951 23.3452 18.4391 22.0227 13.8924 11.4018 15 28.0713 23.0868 23.0217 28.2843 28.6356 63.3246 60.6383 51.8652 16.9706 23.3452 29.6816 8.9443 12.1655 0 46.0652 20.5913 57.28 50.9608 25.6125
7.6158 43.909 45.4863 42.638 46.6154 40.3113 42.5206 45.9674 39.6232 39.0512 42.0476 45.5412 47.5184 42.9418 39.3573 38.833 43.9318 45.0444 16.7631 46.8402 40.025 46.0652 0 25.4951 14.8661 10.6301 21.587
17.8885 27.0185 27.074 22.3607 27.2947 18.0278 19.2354 23.7697 24.0832 20.6155 23.0217 28.4253 30 50.774 47.5079 41.1096 22.8035 25.5539 9.2195 22.0907 16.1245 20.5913 25.4951 0 37.4833 31.257 6.3246
21.095 48.8365 51.0882 49.6488 52.6308 48.7647 51.4296 53.8516 54.3415 53.4603 56.4358 60.208 62.1691 33.541 30.2655 33.541 51.3128 59.4138 30 59.5399 53.1507 57.28 14.8661 37.4833 0 6.3246 35
15.5242 43.1393 45.2769 43.6005 46.7547 42.5441 45.1774 47.7074 49.0408 47.8539 50.8035 54.8179 56.7539 33.2415 29.7321 31 45.2217 53.7587 24.0832 53.3385 47.0425 50.9608 10.6301 31.257 6.3246 0 29.0689
14.1421 33.0151 33.2415 28.6356 33.541 24.3516 25.4951 30.0832 21.6333 19.3132 22.1359 26.8328 28.6356 52.6308 49.2037 43.9318 29.1204 25 5 25.2982 18.4391 25.6125 21.587 6.3246 35 29.0689 0
