655.37
32
613 853 0
411 651 0
584 824 0
328 568 0
240 480 0
307 547 0
135 375 0
163 403 0
35 275 0
114 354 0
195 435 0
597 837 0
497 737 0
514 754 0
429 669 0
45 285 0
115 355 0
315 555 0
541 781 0
42 282 0
11 251 0
97 337 0
226 466 0
172 412 0
305 545 0
292 532 0
92 332 0
45 285 0
200 440 0
688 928 0
502 742 0
112 352 0
0 38.0789 39.3573 36.0555 33.3017 35.3553 39.0512 33.5261 32.3883 35.3553 39.2938 41.2311 44.2041 40.6079 38.0789 37.2022 38.3275 25 20 18.0278 42.4264 11.1803 9.2195 39.2938 57.0088 32.5576 38.4708 14.7648 19.2354 17.8885 21.095 15.5242 14.1421
48.0789 10 13 17.0711 22.2066 24.1421 21.1803 58.1041 53.4626 54.7214 60.5371 61.4782 52 50.1123 40 18.6023 56.1411 65 45.3553 49.0512 76.7083 56.0977 43.541 43.9706 92.4621 43.6155 35.4951 52.0476 65.3173 37.0185 58.8365 53.1393 43.0151
49.3573 13 10 15.3852 20.7703 22.2066 18.6023 57.1275 52.3792 53.4626 59.2443 60.0899 55 53.1045 43 16.4031 54.7214 65.0818 45.0571 51.4005 76.0984 56.8402 44.2053 42.0156 91.7863 42.2025 33.3452 52.2966 66.0446 37.074 61.0882 55.2769 43.2415
46.0555 17.0711 15.3852 10 15.3852 17.0711 15 51.7612 47 48.0789 53.8634 54.7214 57.2652 55.0444 45.3553 12 49.3573 60.2494 40 50.3113 70.8276 52.72 40.0832 36.9072 86.4853 36.8328 28.4391 47.6563 61.8652 32.3607 59.6488 53.6005 38.6356
43.3017 22.2066 20.7703 15.3852 10 13 15.831 46.4005 41.6228 42.6956 48.4838 49.3573 60.01 57.5184 48.3275 15 44 55.5412 35.0799 49.9249 65.5788 48.9102 36.4197 31.9317 81.1969 31.4709 23.8924 43.2415 57.927 28.0278 58.7647 52.5441 34.3516
45.3553 24.1421 22.2066 17.0711 13 10 15 45.6931 40.8058 41.6228 47.3363 48.0789 62.9528 60.4876 51.2311 15.831 42.6956 56.0977 35.4951 52.72 65.2268 50.3113 38.0179 29.8494 80.7107 30.2485 21.4018 44.176 59.1935 29.2354 61.4296 55.1774 35.4951
49.0512 21.1803 18.6023 15 15.831 15 10 50.6079 45.6931 46.4005 52.0595 52.72 62.2398 60.04 50.3113 13 47.3363 60.9902 40.4138 54.7214 70.208 54.7214 42.249 33.8537 85.6637 35 25 48.8973 63.7122 33.7697 63.8516 57.7074 40.0832
43.5261 58.1041 57.1275 51.7612 46.4005 45.6931 50.6079 10 15 15.831 16 18 84.2024 80.8025 75.0692 51.2311 17.8102 29.7231 25.6205 61.0784 30.0998 37 35.9422 30.8806 45.1283 26 38.0713 29.2354 40.3645 34.0832 64.3415 59.0408 31.6333
42.3883 53.4626 52.3792 47 41.6228 40.8058 45.6931 15 10 13 17.8102 19.434 81.2811 77.9559 71.7171 46.4005 16 32.6716 23 59.3356 35.0799 37.4591 34.0416 26.1555 50.1123 21 33.0868 29.105 42.2025 30.6155 63.4603 57.8539 29.3132
45.3553 54.7214 53.4626 48.0789 42.6956 41.6228 46.4005 15.831 13 10 15.831 17.0711 83.7835 80.4911 74.0312 47.3363 13 35 25.8114 62.2015 35.4951 40.4138 36.9258 25.2971 50 21.4018 33.0217 32.0907 44.9285 33.0217 66.4358 60.8035 32.1359
49.2938 60.5371 59.2443 53.8634 48.4838 47.3363 52.0595 16 17.8102 15.831 10 12 89.0569 85.7166 79.527 53.0813 15 35.0799 30.5913 66.648 31.5407 43 41.3847 30 45.1283 27.088 38.2843 35.1794 46.1386 38.4253 70.208 64.8179 36.8328
51.2311 61.4782 60.0899 54.7214 49.3573 48.0789 52.72 18 19.434 17.0711 12 10 90.7094 87.3886 81.0634 53.8634 15.3852 36.9258 32.3607 68.5235 32.3607 45 43.2415 30.0998 45.3553 27.8885 38.6356 37.1662 48.0789 40 72.1691 66.7539 38.6356
54.2041 52 55 57.2652 60.01 62.9528 62.2398 84.2024 81.2811 83.7835 89.0569 90.7094 10 13.6056 22 59.2544 86.3217 79.2026 68.6003 37.7308 96.4523 65.2178 58.8365 79.6419 111.213 75.7419 73.3246 68 71.7738 60.774 43.541 43.2415 62.6308
50.6079 50.1123 53.1045 55.0444 57.5184 60.4876 60.04 80.8025 77.9559 80.4911 85.7166 87.3886 13.6056 10 20.4403 57.0425 83.0616 75.6049 65.2178 34.1661 92.8794 61.614 55.3431 76.7308 107.617 72.6498 70.6383 64.4518 68.1808 57.5079 40.2655 39.7321 59.2037
48.0789 40 43 45.3553 48.3275 51.2311 50.3113 75.0692 71.7171 74.0312 79.527 81.0634 22 20.4403 10 47.3363 76.4003 72.6498 59.4975 35 89.0569 59.2443 50.8044 68.6003 104.34 65.2268 61.8652 60.4777 66.921 51.1096 43.541 41 53.9318
47.2022 18.6023 16.4031 12 15 15.831 13 51.2311 46.4005 47.3363 53.0813 53.8634 59.2544 57.0425 47.3363 10 48.4838 60.4876 40.0666 52.0595 70.531 53.4626 40.8707 35.6125 86.1183 36 26.9706 48.0789 62.5547 32.8035 61.3128 55.2217 39.1204
48.3275 56.1411 54.7214 49.3573 44 42.6956 47.3363 17.8102 16 13 15 15.3852 86.3217 83.0616 76.4003 48.4838 10 37.4591 28.6815 65.0818 36.2488 43.3766 39.8329 25 50.1123 22.53 33.3452 35.0799 47.6962 35.5539 69.4138 63.7587 35
35 65 65.0818 60.2494 55.5412 56.0977 60.9902 29.7231 32.6716 35 35.0799 36.9258 79.2026 75.6049 72.6498 60.4876 37.4591 10 30.6155 52.4264 28.0278 24.1421 32.8035 47.8021 42.0156 41.0644 52.4853 23.1529 22.0416 38.0179 52.19 48.4187 32.0227
30 45.3553 45.0571 40 35.0799 35.4951 40.4138 25.6205 23 25.8114 30.5913 32.3607 68.6003 65.2178 59.4975 40.0666 28.6815 30.6155 10 46.4005 41.6228 28.0278 21.1803 30.5913 57.4342 23.4164 32.8035 19.8995 35.4951 18.9443 51.0488 45.2278 16.3246
28.0278 49.0512 51.4005 50.3113 49.9249 52.72 54.7214 61.0784 59.3356 62.2015 66.648 68.5235 37.7308 34.1661 35 52.0595 65.0818 52.4264 46.4005 10 70.208 38.2843 35.2982 63 84.3303 57.1699 59.6488 42.7567 44.1321 41.0644 20 16 40.0832
52.4264 76.7083 76.0984 70.8276 65.5788 65.2268 70.208 30.0998 35.0799 35.4951 31.5407 32.3607 96.4523 92.8794 89.0569 70.531 36.2488 28.0278 41.6228 70.208 10 42.0156 48.2753 50.7922 25.8114 46.0555 58.1664 38.6007 39.1548 50.4969 70.208 66.4004 45.7771
21.1803 56.0977 56.8402 52.72 48.9102 50.3113 54.7214 37 37.4591 40.4138 43 45 65.2178 61.614 59.2443 53.4626 43.3766 24.1421 28.0278 38.2843 42.0156 10 22.6491 48.5876 56.0977 41.3847 50.3113 18.544 19.2195 31.095 38.6356 34.4131 25
19.2195 43.541 44.2053 40.0832 36.4197 38.0179 42.249 35.9422 34.0416 36.9258 41.3847 43.2415 58.8365 55.3431 50.8044 40.8707 39.8329 32.8035 21.1803 35.2982 48.2753 22.6491 10 40.0832 63.7122 33.3452 39.6816 19.8489 31.8403 19.2195 40 34.0832 15
49.2938 43.9706 42.0156 36.9072 31.9317 29.8494 33.8537 30.8806 26.1555 25.2971 30 30.0998 79.6419 76.7308 68.6003 35.6125 25 47.8021 30.5913 63 50.7922 48.5876 40.0832 10 65.0818 17.2111 18.9443 40.2324 55.4533 32.0907 69.5399 63.3385 35.2982
67.0088 92.4621 91.7863 86.4853 81.1969 80.7107 85.6637 45.1283 50.1123 50 45.1283 45.3553 111.213 107.617 104.34 86.1183 50.1123 42.0156 57.4342 84.3303 25.8114 56.0977 63.7122 65.0818 10 61.0882 73.0079 53.909 51.2311 66.3028 83.1095 80.0071 61.4782
42.5576 43.6155 42.2025 36.8328 31.4709 30.2485 35 26 21 21.4018 27.088 27.8885 75.7419 72.6498 65.2268 36 22.53 41.0644 23.4164 57.1699 46.0555 41.3847 33.3452 17.2111 61.0882 10 22.1655 33.0217 48.2884 26.1245 63.1507 57.0425 28.4391
48.4708 35.4951 33.3452 28.4391 23.8924 21.4018 25 38.0713 33.0868 33.0217 38.2843 38.6356 73.3246 70.6383 61.8652 26.9706 33.3452 52.4853 32.8035 59.6488 58.1664 50.3113 39.6816 18.9443 73.0079 22.1655 10 42.6497 58.2701 30.5913 67.28 60.9608 35.6125
24.7648 52.0476 52.2966 47.6563 43.2415 44.176 48.8973 29.2354 29.105 32.0907 35.1794 37.1662 68 64.4518 60.4777 48.0789 35.0799 23.1529 19.8995 42.7567 38.6007 18.544 19.8489 40.2324 53.909 33.0217 42.6497 10 25.6205 25.2971 45.171 40.0832 19.0554
29.2354 65.3173 66.0446 61.8652 57.927 59.1935 63.7122 40.3645 42.2025 44.9285 46.1386 48.0789 71.7738 68.1808 66.921 62.5547 47.6962 22.0416 35.4951 44.1321 39.1548 19.2195 31.8403 55.4533 51.2311 48.2884 58.2701 25.6205 10 39.9666 41.8904 39.2062 33.7065
27.8885 37.0185 37.074 32.3607 28.0278 29.2354 33.7697 34.0832 30.6155 33.0217 38.4253 40 60.774 57.5079 51.1096 32.8035 35.5539 38.0179 18.9443 41.0644 50.4969 31.095 19.2195 32.0907 66.3028 26.1245 30.5913 25.2971 39.9666 10 47.4833 41.257 16.3246
31.095 58.8365 61.0882 59.6488 58.7647 61.4296 63.8516 64.3415 63.4603 66.4358 70.208 72.1691 43.541 40.2655 43.541 61.3128 69.4138 52.19 51.0488 20 70.208 38.6356 40 69.5399 83.1095 63.1507 67.28 45.171 41.8904 47.4833 10 16.3246 45
25.5242 53.1393 55.2769 53.6005 52.5441 55.1774 57.7074 59.0408 57.8539 60.8035 64.8179 66.7539 43.2415 39.7321 41 55.2217 63.7587 48.4187 45.2278 16 66.4004 34.4131 34.0832 63.3385 80.0071 57.0425 60.9608 40.0832 39.2062 41.257 16.3246 10 39.0689
24.1421 43.0151 43.2415 38.6356 34.3516 35.4951 40.0832 31.6333 29.3132 32.1359 36.8328 38.6356 62.6308 59.2037 53.9318 39.1204 35 32.0227 16.3246 40.0832 45.7771 25 15 35.2982 61.4782 28.4391 35.6125 19.0554 33.7065 16.3246 45 39.0689 10
