453.48
18
388 508 10
367 487 10
0 914 10
278 398 10
329 449 10
376 496 10
217 337 10
0 923 10
191 311 10
11 131 10
157 277 10
0 917 10
0 930 10
260 380 10
0 945 10
0 937 10
14 134 10
0 935 10
0 33.3017 39.0512 35.0571 37.2022 40.3113 30.8058 35.3412 26.9258 20.6155 11.1803 9.21954 32.2025 19.2354 17.8885 4.24264 12.0416 14.7648 14.1421
33.3017 0 5.831 63.2456 44.2832 43.1741 40 37.6563 51.4198 52.4786 38.9102 26.4197 51.0882 47.927 18.0278 33.8378 45.2769 47.4236 24.3516
39.0512 5.831 0 68.9493 47 45.2769 43.2897 40.05 57.0088 58.3095 44.7214 32.249 56.3205 53.7122 23.7697 39.6611 50.9902 53.0377 30.0832
35.0571 63.2456 68.9493 0 69.2892 73.3757 63.2456 69.1231 12.8062 16.5529 25.1794 37.6563 19.2354 16.0312 45.2217 32.0156 29.1548 31.7648 38.8973
37.2022 44.2832 47 69.2892 0 5.3852 6.4031 7.2801 63.6318 52.811 48.2597 41.7732 69.4046 55.0091 43.909 41.4005 40.1622 38.0789 45.607
40.3113 43.1741 45.2769 73.3757 5.3852 0 10.198 5.831 67.082 57.0088 51.4782 43.9318 72.4017 58.6941 45 44.4185 44.3847 42.5793 47.3814
30.8058 40 43.2897 63.2456 6.4031 10.198 0 7.6158 57.3062 46.8402 41.8808 35.4683 63.0079 48.7545 38.0132 35 34.2053 32.3883 39.4081
35.3412 37.6563 40.05 69.1231 7.2801 5.831 7.6158 0 62.2415 52.9528 46.5188 38.4187 67.2309 54.0833 39.2046 39.3573 40.4475 39.0512 41.7253
26.9258 51.4198 57.0088 12.8062 63.6318 67.082 57.3062 62.2415 0 15.8114 15.8114 27.0185 9.0554 9.2195 33.541 23.0868 25.4951 29.2062 27.2947
20.6155 52.4786 58.3095 16.5529 52.811 57.0088 46.8402 52.9528 15.8114 0 14.1421 26.0768 24.7386 8.0623 35 18.7883 12.6491 15.2643 29.0689
11.1803 38.9102 44.7214 25.1794 48.2597 51.4782 41.8808 46.5188 15.8114 14.1421 0 12.6491 21.2603 9.2195 21.095 7.2801 14.1421 18.2483 15
9.2195 26.4197 32.249 37.6563 41.7732 43.9318 35.4683 38.4187 27.0185 26.0768 12.6491 0 29.7321 21.8403 9.2195 7.8102 20.5913 23.7697 5
32.2025 51.0882 56.3205 19.2354 69.4046 72.4017 63.0079 67.2309 9.0554 24.7386 21.2603 29.7321 0 17.4642 34.1321 28.0179 33.2866 37.2156 28.4429
19.2354 47.927 53.7122 16.0312 55.0091 58.6941 48.7545 54.0833 9.2195 8.0623 9.2195 21.8403 17.4642 0 29.9666 16 16.2788 20 23.7065
17.8885 18.0278 23.7697 45.2217 43.909 45 38.0132 39.2046 33.541 35 21.095 9.2195 34.1321 29.9666 0 17.0294 29.6816 32.6497 6.3246
4.2426 33.8378 39.6611 32.0156 41.4005 44.4185 35 39.3573 23.0868 18.7883 7.2801 7.8102 28.0179 16 17.0294 0 13 16.4924 12.083
12.0416 45.2769 50.9902 29.1548 40.1622 44.3847 34.2053 40.4475 25.4951 12.6491 14.1421 20.5913 33.2866 16.2788 29.6816 13 0 4.1231 25.0799
14.7648 47.4236 53.0377 31.7648 38.0789 42.5793 32.3883 39.0512 29.2062 15.2643 18.2483 23.7697 37.2156 20 32.6497 16.4924 4.1231 0 28.4605
14.1421 24.3516 30.0832 38.8973 45.607 47.3814 39.4081 41.7253 27.2947 29.0689 15 5 28.4429 23.7065 6.3246 12.083 25.0799 28.4605 0
