533.78
28
57 600 10
52 536 10
50 534 10
51 602 10
410 905 10
43 617 10
410 823 10
114 561 10
36 658 10
191 586 10
201 670 10
33 568 10
429 838 10
49 504 10
448 873 10
110 525 10
29 548 10
20 498 10
11 530 10
81 520 10
27 622 10
444 942 10
249 580 10
19 566 10
204 633 10
373 928 10
265 638 10
418 825 10
0 57.0088 52.2015 50.2892 51.4782 44.2041 43.0116 40.6079 37.2022 36.0555 40.3113 30.8058 33.541 38.0789 35.3412 18.0278 15.8114 29.1548 20.6155 11.1803 25.4951 27.4591 7.61577 12.0416 19.2354 4.24264 21.095 17.1172 15.5242
57.0088 0 5 7 14.1421 57.3062 58.3095 55.7584 55.8032 57.0088 61.0328 54.4885 60.208 64.0312 61.7171 47.1699 58.3095 30 50.2494 60.208 36.0555 43.8634 49.4773 51.4296 58.1378 59.2284 38.0132 40.1622 44.2832
52.2015 5 0 2 11.1803 55.0364 55.9017 53.2353 53 54.0833 58.3095 51.225 57.0088 61.0328 58.6003 43.0116 54.0833 25 45.2769 55.2268 32.0156 40.3609 44.643 47.0106 53.1507 54.3415 33.6155 35.4683 39.8246
50.2892 7 2 0 10.4403 54.231 55.0364 52.3259 51.9711 53 57.3062 50 55.8032 59.9083 57.4282 41.4005 52.4309 23 43.2897 53.2353 30.4795 39.0512 42.72 45.2769 51.1566 52.3927 31.9061 33.6155 38.0789
51.4782 14.1421 11.1803 10.4403 0 62.6418 63.2456 60.407 59.6154 60.4152 65 56.8243 62.6498 67.082 64.4127 46.0977 56.5685 22.3607 40.3113 52.2015 36.0555 45.6508 43.909 48.8365 48.3735 52.8015 36.1248 36.2353 41.7253
44.2041 57.3062 55.0364 54.231 62.6418 0 2 3.6056 7.0711 8.6023 7 13.4536 13 12 12.3693 27.7308 29.7321 50.04 59.2368 55.2178 30.0666 20.3961 42.9418 32.45 61.7738 48.4149 33.541 38.3275 33.2415
43.0116 58.3095 55.9017 55.0364 63.2456 2 0 3 5.831 7.0711 5 12.2066 11.1803 10 10.4403 26.9258 28.2843 50 58.5235 54.0833 30 20.0998 42.0476 31.3847 60.8276 47.2017 33.2415 37.855 32.573
40.6079 55.7584 53.2353 52.3259 60.407 3.6056 3 0 3.6056 5.3852 5.831 9.8995 10.198 10.4403 10 24.1661 26.2488 47 55.7136 51.614 27 17.1172 39.3573 28.8444 58.1808 44.8219 30.2655 34.9285 29.7321
37.2022 55.8032 53 51.9711 59.6154 7.0711 5.831 3.6056 0 2 5.3852 6.4031 7 8.6023 7.2801 21.1896 22.6716 45.0999 52.811 48.2597 25.1794 15.0333 36.2491 25.5539 55.0091 41.4005 28.0179 32.3883 26.9258
36.0555 57.0088 54.0833 53 60.4152 8.6023 7.0711 5.3852 2 0 5 5.3852 5 7.0711 5.3852 20.6155 21.2132 45.2769 52.2015 47.1699 25.4951 15.2971 35.4683 24.5967 54.1295 40.2244 28.0179 32.1403 26.4764
40.3113 61.0328 58.3095 57.3062 65 7 5 5.831 5.3852 5 0 10.198 7.0711 5 5.831 25.4951 25 50.2494 57.0088 51.4782 30.4138 20.2237 40.1622 29.1548 58.6941 44.4185 33.0151 37.1214 31.4006
30.8058 54.4885 51.225 50 56.8243 13.4536 12.2066 9.8995 6.4031 5.3852 10.198 0 5.831 10.4403 7.6158 15.2971 16.4012 40.6079 46.8402 41.8808 21.1896 11.1803 30.0832 19.2354 48.7545 35 23.1948 27.0185 21.2132
33.541 60.208 57.0088 55.8032 62.6498 13 11.1803 10.198 7 5 7.0711 5.831 0 5 2 20 18.0278 46.0977 50.9902 44.7214 26.9258 17 33.9559 22.8035 52.2015 37.5899 28.6356 32.0624 26
38.0789 64.0312 61.0328 59.9083 67.082 12 10 10.4403 8.6023 7.0711 5 10.4403 5 0 3 25 22.3607 50.9902 55.9017 49.2443 31.6228 21.5407 38.833 27.6586 56.921 42.0476 33.541 37.054 31
35.3412 61.7171 58.6003 57.4282 64.4127 12.3693 10.4403 10 7.2801 5.3852 5.831 7.6158 2 3 0 22 19.7231 48.0521 52.9528 46.5188 28.7924 18.7883 35.9026 24.7386 54.0833 39.3573 30.5941 34.0588 28
18.0278 47.1699 43.0116 41.4005 46.0977 27.7308 26.9258 24.1661 21.1896 20.6155 25.4951 15.2971 20 25 22 0 11.1803 26.9258 31.6228 28.2843 11.1803 9.434 15.2643 6.3246 34.1321 22.2036 10 12.1655 6
15.8114 58.3095 54.0833 52.4309 56.5685 29.7321 28.2843 26.2488 22.6716 21.2132 25 16.4012 18.0278 22.3607 19.7231 11.1803 0 36.0555 35 26.9258 22.3607 18 18.1108 8.0623 34.9285 19.6977 20.6155 20.8087 14.8661
29.1548 30 25 23 22.3607 50.04 50 47 45.0999 45.2769 50.2494 40.6079 46.0977 50.9902 48.0521 26.9258 36.0555 0 20.6155 30.4138 20 30.0666 21.6333 28.0179 28.2843 30.4631 17.4642 15.2643 21.4709
20.6155 50.2494 45.2769 43.2897 40.3113 59.2368 58.5235 55.7136 52.811 52.2015 57.0088 46.8402 50.9902 55.9017 52.9528 31.6228 35 20.6155 0 14.1421 32.0156 39.3573 17.1172 28.2843 8.0623 18.7883 27.2029 21.6333 26
11.1803 60.208 55.2268 53.2353 52.2015 55.2178 54.0833 51.614 48.2597 47.1699 51.4782 41.8808 44.7214 49.2443 46.5188 28.2843 26.9258 30.4138 14.1421 0 33.541 37.5366 13.8924 22.8035 9.2195 7.2801 28.6356 23.4094 24.4131
25.4951 36.0555 32.0156 30.4795 36.0555 30.0666 30 27 25.1794 25.4951 30.4138 21.1896 26.9258 31.6228 28.7924 11.1803 22.3607 20 32.0156 33.541 0 10.198 19.6977 16.2788 36.8782 29.1204 5 10.6301 10.0499
27.4591 43.8634 40.3609 39.0512 45.6508 20.3961 20.0998 17.1172 15.0333 15.2971 20.2237 11.1803 17 21.5407 18.7883 9.434 18 30.0666 39.3573 37.5366 10.198 0 24.0832 15.6525 42.8019 31.6228 13.1529 18.0278 13.6015
7.6158 49.4773 44.643 42.72 43.909 42.9418 42.0476 39.3573 36.2491 35.4683 40.1622 30.0832 33.9559 38.833 35.9026 15.2643 18.1108 21.6333 17.1172 13.8924 19.6977 24.0832 0 11.1803 18.868 10 14.8661 10.0499 10.6301
12.0416 51.4296 47.0106 45.2769 48.8365 32.45 31.3847 28.8444 25.5539 24.5967 29.1548 19.2354 22.8035 27.6586 24.7386 6.3246 8.0623 28.0179 28.2843 22.8035 16.2788 15.6525 11.1803 0 29.5466 16.2788 13.4164 12.8062 7.2111
19.2354 58.1378 53.1507 51.1566 48.3735 61.7738 60.8276 58.1808 55.0091 54.1295 58.6941 48.7545 52.2015 56.921 54.0833 34.1321 34.9285 28.2843 8.0623 9.2195 36.8782 42.8019 18.868 29.5466 0 16 31.8904 26.2488 29.2062
4.2426 59.2284 54.3415 52.3927 52.8015 48.4149 47.2017 44.8219 41.4005 40.2244 44.4185 35 37.5899 42.0476 39.3573 22.2036 19.6977 30.4631 18.7883 7.2801 29.1204 31.6228 10 16.2788 16 0 24.5153 20.025 19.3132
21.095 38.0132 33.6155 31.9061 36.1248 33.541 33.2415 30.2655 28.0179 28.0179 33.0151 23.1948 28.6356 33.541 30.5941 10 20.6155 17.4642 27.2029 28.6356 5 13.1529 14.8661 13.4164 31.8904 24.5153 0 5.6569 6.3246
17.1172 40.1622 35.4683 33.6155 36.2353 38.3275 37.855 34.9285 32.3883 32.1403 37.1214 27.0185 32.0624 37.054 34.0588 12.1655 20.8087 15.2643 21.6333 23.4094 10.6301 18.0278 10.0499 12.8062 26.2488 20.025 5.6569 0 6.3246
15.5242 44.2832 39.8246 38.0789 41.7253 33.2415 32.573 29.7321 26.9258 26.4764 31.4006 21.2132 26 31 28 6 14.8661 21.4709 26 24.4131 10.0499 13.6015 10.6301 7.2111 29.2062 19.3132 6.3246 6.3246 0
