793.64
25
195 315 10
35 155 10
174 294 10
254 374 10
215 335 10
201 321 10
681 801 10
784 904 10
529 649 10
621 741 10
487 607 10
329 449 10
376 496 10
105 225 10
732 852 10
507 627 10
175 295 10
557 677 10
782 902 10
42 162 10
232 352 10
764 884 10
395 515 10
713 833 10
392 512 10
0 33.5261 35.3553 39.2938 40.05 45 45.0444 35.0571 45.2769 58.5235 51.0784 47.4342 40.3113 30.8058 38.3275 45.0444 35.3412 25 18.0278 47.1699 42.4264 57.0088 49.98 27.0185 52.4786 17.1172
33.5261 0 5.831 6 45.3431 47.4236 46.0977 39.0512 44.2041 87.5728 79.6304 77.1622 68.7677 61.0328 7.8102 48.7955 64.195 19.7231 42.2966 30.8058 20.0998 35.1283 39.9249 50.2195 68.6003 49.6488
35.3553 5.831 0 5.831 50.9313 53.1507 51.8556 44.5982 50 91.241 83.3607 80.6226 68.0074 60.9016 3 54.4885 67.7422 25 46.0977 36.4005 25.4951 40 45.6946 54.4059 73.7835 52.0865
39.2938 6 5.831 0 50 51.6624 50.2096 43.8292 48.1041 93.536 85.5862 83.1505 73.4098 66.0379 5 53.1507 70.1783 25.0799 48.2597 32.6956 21.5407 35.1283 42.5441 56.0892 73.8241 55.5788
40.05 45.3431 50.9313 50 0 5.3852 6.4031 6.4031 8.6023 56.648 49.2443 49.7393 77.1298 66.9403 53.1507 5 39.0512 26.2488 26.2488 27 33.5261 37.3363 20.2485 24.2074 25.4951 40.8534
45 47.4236 53.1507 51.6624 5.3852 0 2 10.198 5 60.4152 53.2353 54.0833 82.4621 72.2772 55.1725 2 43.8634 29.1548 31.6228 25.4951 33.541 35 17.1172 29.4109 27 46.2385
45.0444 46.0977 51.8556 50.2096 6.4031 2 0 10 3 62.2415 55.0091 55.7584 82.9699 72.8011 53.8145 4 45.3431 28.178 32.311 23.5372 31.7648 33 15.1327 30.6105 29 47.0106
35.0571 39.0512 44.5982 43.8292 6.4031 10.198 10 0 10.4403 58.9406 51.2445 51.0784 73.3757 63.2456 46.8615 10.7703 39.4462 19.8494 23.3238 23.5372 28.4429 34.4819 19.2094 23.6008 30.6757 38.0789
45.2769 44.2041 50 48.1041 8.6023 5 3 10.4403 0 65 57.6975 58.3095 83.8153 73.6817 51.8556 7 47.634 26.9258 33.541 20.6155 29.1548 30 12.1655 32.5576 32 48.3011
58.5235 87.5728 91.241 93.536 56.648 60.4152 62.2415 58.9406 65 0 8 11.1803 65.192 58.258 94.202 58.6003 23.5372 70 45.2769 82.4621 85.5862 93.408 76.896 38.0132 37.5366 42.0476
51.0784 79.6304 83.3607 85.5862 49.2443 53.2353 55.0091 51.2445 57.6975 8 0 5.3852 61.2699 53.535 86.3134 51.4782 15.8114 62 37.3363 74.7262 77.6466 85.7263 69.4622 30.0167 32.0156 34.9857
47.4342 77.1622 80.6226 83.1505 49.7393 54.0833 55.7584 51.0784 58.3095 11.1803 5.3852 0 55.9017 48.2597 83.6002 52.4309 13 60.208 35 74.3303 76.4853 85.44 69.7711 28.6356 34.9857 30.8707
40.3113 68.7677 68.0074 73.4098 77.1298 82.4621 82.9699 73.3757 83.8153 65.192 61.2699 55.9017 0 10.198 70.4557 82 51.4198 65.192 50.9902 87.4643 82.0061 97.082 89.9611 56.0803 80.3057 37.1214
30.8058 61.0328 60.9016 66.0379 66.9403 72.2772 72.8011 63.2456 73.6817 58.258 53.535 48.2597 10.198 0 63.5295 71.8053 42.3792 55.8032 40.7922 77.9359 73 87.8009 80.0562 46.0109 70.5762 27.0185
38.3275 7.8102 3 5 53.1507 55.1725 53.8145 46.8615 51.8556 94.202 86.3134 83.6002 70.4557 63.5295 0 56.5685 70.7107 27.4591 49.0306 37.3363 26.2488 40.1123 46.9574 57.28 76.3217 55.0818
45.0444 48.7955 54.4885 53.1507 5 2 4 10.7703 7 58.6003 51.4782 52.4309 82 71.8053 56.5685 0 42.4264 30.2324 31.0483 27.4591 35.3412 37 19.105 28.3019 25 45.5412
35.3412 64.195 67.7422 70.1783 39.0512 43.8634 45.3431 39.4462 47.634 23.5372 15.8114 13 51.4198 42.3792 70.7107 42.4264 0 47.2652 22 62.2415 63.7887 73.4098 58.5235 16.1555 30.4138 19.8494
25 19.7231 25 25.0799 26.2488 29.1548 28.178 19.8494 26.9258 70 62 60.208 65.192 55.8032 27.4591 30.2324 47.2652 0 25.4951 22.3607 18.0278 32.0156 27.074 32.0156 48.8774 36.7151
18.0278 42.2966 46.0977 48.2597 26.2488 31.6228 32.311 23.3238 33.541 45.2769 37.3363 35 50.9902 40.7922 49.0306 31.0483 22 25.4951 0 43.0116 42.72 54.0833 41.8688 9.2195 34.4819 14.7648
47.1699 30.8058 36.4005 32.6956 27 25.4951 23.5372 23.5372 20.6155 82.4621 74.7262 74.3303 87.4643 77.9359 37.3363 27.4591 62.2415 22.3607 43.0116 0 11.1803 11.1803 10.6301 46.0977 52.2398 56.6392
42.4264 20.0998 25.4951 21.5407 33.5261 33.541 31.7648 28.4429 29.1548 85.5862 77.6466 76.4853 82.0061 73 26.2488 35.3412 63.7887 18.0278 42.72 11.1803 0 15.8114 21.4009 47.8539 58.9406 54.7083
57.0088 35.1283 40 35.1283 37.3363 35 33 34.4819 30 93.408 85.7263 85.44 97.082 87.8009 40.1123 37 73.4098 32.0156 54.0833 11.1803 15.8114 0 18.1108 57.2713 62 67.4759
49.98 39.9249 45.6946 42.5441 20.2485 17.1172 15.1327 19.2094 12.1655 76.896 69.4622 69.7711 89.9611 80.0562 46.9574 19.105 58.5235 27.074 41.8688 10.6301 21.4009 18.1108 0 42.8019 44.0454 56.4004
27.0185 50.2195 54.4059 56.0892 24.2074 29.4109 30.6105 23.6008 32.5576 38.0132 30.0167 28.6356 56.0803 46.0109 57.28 28.3019 16.1555 32.0156 9.2195 46.0977 47.8539 57.2713 42.8019 0 26 19
52.4786 68.6003 73.7835 73.8241 25.4951 27 29 30.6757 32 37.5366 32.0156 34.9857 80.3057 70.5762 76.3217 25 30.4138 48.8774 34.4819 52.2398 58.9406 62 44.0454 26 0 44.1475
17.1172 49.6488 52.0865 55.5788 40.8534 46.2385 47.0106 38.0789 48.3011 42.0476 34.9857 30.8707 37.1214 27.0185 55.0818 45.5412 19.8494 36.7151 14.7648 56.6392 54.7083 67.4759 56.4004 19 44.1475 0
