690.06
32
644 764 10
371 491 10
0 918 10
195 315 10
0 917 10
174 294 10
0 904 10
0 909 10
0 905 10
201 321 10
0 914 10
0 904 10
0 911 10
0 925 10
375 495 10
599 719 10
0 931 10
0 923 10
0 907 10
0 929 10
0 938 10
0 936 10
0 892 10
0 935 10
0 930 10
0 917 10
359 479 10
0 932 10
0 945 10
0 901 10
0 935 10
308 428 10
0 36.0555 33.541 31.6228 33.5261 32.3883 39.2938 45.1774 40.05 45 45.0444 35.0571 45.0444 38.0526 25 20 14.1421 18.0278 26.9258 42.4264 20.6155 11.1803 13.0384 57.0088 14.7648 19.2354 32.2025 38.2099 17.8885 4.24264 48.1664 14.1421 20.5183
36.0555 0 46.0977 41.2311 41.7612 37 43.8634 78.7464 73.3757 77.6209 77.1298 67.4463 78.1601 71.4703 50.2494 30 22.3607 54.0833 55.9017 60.8276 55.9017 42.72 47.8539 76.4853 37.6563 51.8652 56.0089 56.5685 22.3607 37.1214 64.0312 28.6356 45.3982
33.541 46.0977 0 5 5.3852 10.198 9.434 45.3431 40.6079 42.4264 41.0366 34.4093 43.8634 39.4081 15.8114 18.0278 32.0156 40 22.3607 15 35.3553 25.4951 31.0644 30.4138 18.7883 27.2947 15.5563 11.1803 26.9258 29.5466 18.0278 23.3452 16
31.6228 41.2311 5 0 2 5.3852 8 48.7955 43.8634 46.0977 44.8219 37.5366 47.4236 42.5206 18.0278 14.1421 28.2843 40.3113 25 20 36.4005 25 31.1448 35.3553 17.2627 28.4605 19.4165 16.1245 22.8035 27.8927 22.8035 20 16.7631
33.5261 41.7612 5.3852 2 0 5 6 50.2096 45.3431 47.4236 46.0977 39.0512 48.7955 44.0454 19.7231 15.6205 29.7321 42.2966 26.6271 20.0998 38.3275 27 33.1361 35.1283 19.2354 30.3645 20.6155 16.4924 24.0832 29.8329 22.3607 21.6333 18.6815
32.3883 37 10.198 5.3852 5 0 7.8102 53.8145 48.7955 51.225 50 42.4264 52.4976 47.3814 22.6716 13 26.6271 43.1741 29.7321 25.0799 39.9249 27.4591 33.9559 40.1123 19.105 32.2025 24.6982 21.3776 20.6155 29.0689 27.2947 19.3132 20.5913
39.2938 43.8634 9.434 8 6 7.8102 0 54.6717 50 51.6624 50.2096 43.8292 53.1507 48.8262 25.0799 20.5913 34.4093 48.2597 31.7648 21.5407 44.1475 33 39.1152 35.1283 25.1794 36.1386 24.8395 18.868 28.4253 35.6931 22.0907 26.8328 24.5153
45.1774 78.7464 45.3431 48.7955 50.2096 53.8145 54.6717 0 5.3852 4 6 11.6619 2 7.2801 31.4006 51 56.7539 30.5941 24.4131 37.1618 25.02 36.1386 32.1403 39 41.6293 26.9258 29.8329 37.2156 56.648 42.5793 42.0595 50.3289 34.9857
40.05 73.3757 40.6079 43.8634 45.3431 48.7955 50 5.3852 0 5.3852 6.4031 6.4031 5 2 26.2488 45.6508 51.4198 26.2488 19.2094 33.5261 20.2237 30.8058 27.0185 37.3363 36.2491 21.587 25.2389 33.1059 51.264 37.3363 38.833 44.9444 29.6816
45 77.6209 42.4264 46.0977 47.4236 51.225 51.6624 4 5.3852 0 2 10.198 2 7.2801 29.1548 49.2443 55.9017 31.6228 22.3607 33.541 25.4951 35.3553 32.0156 35 40.1622 26.1725 26.8701 33.8378 55.3624 42.107 38.2753 49.0408 33.1059
45.0444 77.1298 41.0366 44.8219 46.0977 50 50.2096 6 6.4031 2 0 10 4 8.0623 28.178 48.4665 55.5788 32.311 21.5407 31.7648 25.9615 35.1283 32.1403 33 39.5601 26.0192 25.4951 32.2025 54.8179 42.0119 36.4005 48.5077 32.311
35.0571 67.4463 34.4093 37.5366 39.0512 42.4264 43.8292 11.6619 6.4031 10.198 10 0 10.7703 5 19.8494 39.3573 45.7056 23.3238 12.8062 28.4429 16.5529 25.1794 22.2036 34.4819 30.0832 16.0312 19.2354 27.5136 45.2217 32.0156 34.1321 38.8973 23.3238
45.0444 78.1601 43.8634 47.4236 48.7955 52.4976 53.1507 2 5 2 4 10.7703 0 7 30.2324 50.0899 56.2939 31.0483 23.3238 35.3412 25.1794 35.6931 32.0156 37 40.8534 26.4764 28.3196 35.5106 55.9732 42.2966 40.1622 49.6488 34
38.0526 71.4703 39.4081 42.5206 44.0454 47.3814 48.8262 7.2801 2 7.2801 8.0623 5 7 0 24.7588 43.909 49.4773 24.3516 17.6918 32.9848 18.2483 28.8617 25.02 37.6563 34.4384 19.6469 24.1868 32.311 49.3964 35.3553 38.4708 43.0813 28.0179
25 50.2494 15.8114 18.0278 19.7231 22.6716 25.0799 31.4006 26.2488 29.1548 28.178 19.8494 30.2324 24.7588 0 20.6155 30.4138 25.4951 7.0711 18.0278 20 14.1421 17.4642 32.0156 13.1529 12.0416 7.2111 14.3178 28.0179 20.8087 24.1868 22.0227 5.099
20 30 18.0278 14.1421 15.6205 13 20.5913 51 45.6508 49.2443 48.4665 39.3573 50.0899 43.909 20.6155 0 14.1421 33.541 26.9258 31.6228 32.0156 18.0278 24.6982 47.4342 9.8995 25.4951 26.0192 27.2029 8.9443 17.2627 35.7771 6.3246 16.1555
14.1421 22.3607 32.0156 28.2843 29.7321 26.6271 34.4093 56.7539 51.4198 55.9017 55.5788 45.7056 56.2939 49.4773 30.4138 14.1421 0 32.0156 35 44.7214 33.541 20.6155 25.4951 60.4152 17.2627 29.8329 37.108 40.2492 6.3246 14.7648 49.3964 8.9443 25.318
18.0278 54.0833 40 40.3113 42.2966 43.1741 48.2597 30.5941 26.2488 31.6228 32.311 23.3238 31.0483 24.3516 25.4951 33.541 32.0156 0 22.3607 42.72 7.0711 15.8114 9.2195 54.0833 24.3516 13.6015 31.0161 39.5601 34.7131 17.6918 49.0408 29.4109 24
26.9258 55.9017 22.3607 25 26.6271 29.7321 31.7648 24.4131 19.2094 22.3607 21.5407 12.8062 23.3238 17.6918 7.0711 26.9258 35 22.3607 0 20.6155 15.8114 15.8114 16.2788 32.0156 18.2483 9.2195 9.0554 18.0278 33.541 23.0868 26.9258 27.2947 10.7703
42.4264 60.8276 15 20 20.0998 25.0799 21.5407 37.1618 33.5261 33.541 31.7648 28.4429 35.3412 32.9848 18.0278 31.6228 44.7214 42.72 20.6155 0 36.4005 32.0156 35.3553 15.8114 28.6007 29.1548 11.7047 4.4721 40.4969 38.1838 6.3246 35.7771 21.9317
20.6155 55.9017 35.3553 36.4005 38.3275 39.9249 44.1475 25.02 20.2237 25.4951 25.9615 16.5529 25.1794 18.2483 20 32.0156 33.541 7.0711 15.8114 36.4005 0 14.1421 8.0623 47.1699 22.2036 8.0623 24.7386 33.541 35 18.7883 42.72 29.0689 19.6469
11.1803 42.72 25.4951 25 27 27.4591 33 36.1386 30.8058 35.3553 35.1283 25.1794 35.6931 28.8617 14.1421 18.0278 20.6155 15.8114 15.8114 32.0156 14.1421 0 6.7082 46.0977 8.544 9.2195 21.2603 28.0179 21.095 7.2801 38.0132 15 10.2956
13.0384 47.8539 31.0644 31.1448 33.1361 33.9559 39.1152 32.1403 27.0185 32.0156 32.1403 22.2036 32.0156 25.02 17.4642 24.6982 25.4951 9.2195 16.2788 35.3553 8.0623 6.7082 0 48.1664 15.2315 7.2111 23.8537 31.7805 27.0185 10.7703 41.5933 21.2132 15.1327
57.0088 76.4853 30.4138 35.3553 35.1283 40.1123 35.1283 39 37.3363 35 33 34.4819 37 37.6563 32.0156 47.4342 60.4152 54.0833 32.0156 15.8114 47.1699 46.0977 48.1664 0 43.909 41.2311 24.8395 20.2485 56.3028 52.8015 13.0384 51.4782 36.6197
14.7648 37.6563 18.7883 17.2627 19.2354 19.105 25.1794 41.6293 36.2491 40.1622 39.5601 30.0832 40.8534 34.4384 13.1529 9.8995 17.2627 24.3516 18.2483 28.6007 22.2036 8.544 15.2315 43.909 0 15.6205 19.9249 24.2074 15.2971 10.7703 33.9706 9.0554 8.0623
19.2354 51.8652 27.2947 28.4605 30.3645 32.2025 36.1386 26.9258 21.587 26.1725 26.0192 16.0312 26.4764 19.6469 12.0416 25.4951 29.8329 13.6015 9.2195 29.1548 8.0623 9.2195 7.2111 41.2311 15.6205 0 17.4642 25.9615 29.9666 16 35.4683 23.7065 11.7047
32.2025 56.0089 15.5563 19.4165 20.6155 24.6982 24.8395 29.8329 25.2389 26.8701 25.4951 19.2354 28.3196 24.1868 7.2111 26.0192 37.108 31.0161 9.0554 11.7047 24.7386 21.2603 23.8537 24.8395 19.9249 17.4642 0 9 34.1321 28.0179 18.0278 28.4429 12.083
38.2099 56.5685 11.1803 16.1245 16.4924 21.3776 18.868 37.2156 33.1059 33.8378 32.2025 27.5136 35.5106 32.311 14.3178 27.2029 40.2492 39.5601 18.0278 4.4721 33.541 28.0179 31.7805 20.2485 24.2074 25.9615 9 0 36.0555 33.9706 10 31.305 17.8045
17.8885 22.3607 26.9258 22.8035 24.0832 20.6155 28.4253 56.648 51.264 55.3624 54.8179 45.2217 55.9732 49.3964 28.0179 8.9443 6.3246 34.7131 33.541 40.4969 35 21.095 27.0185 56.3028 15.2971 29.9666 34.1321 36.0555 0 17.0294 44.7214 6.3246 23.0868
4.2426 37.1214 29.5466 27.8927 29.8329 29.0689 35.6931 42.5793 37.3363 42.107 42.0119 32.0156 42.2966 35.3553 20.8087 17.2627 14.7648 17.6918 23.0868 38.1838 18.7883 7.2801 10.7703 52.8015 10.7703 16 28.0179 33.9706 17.0294 0 43.9318 12.083 16.2788
48.1664 64.0312 18.0278 22.8035 22.3607 27.2947 22.0907 42.0595 38.833 38.2753 36.4005 34.1321 40.1622 38.4708 24.1868 35.7771 49.3964 49.0408 26.9258 6.3246 42.72 38.0132 41.5933 13.0384 33.9706 35.4683 18.0278 10 44.7214 43.9318 0 40.4969 27.8029
14.1421 28.6356 23.3452 20 21.6333 19.3132 26.8328 50.3289 44.9444 49.0408 48.5077 38.8973 49.6488 43.0813 22.0227 6.3246 8.9443 29.4109 27.2947 35.7771 29.0689 15 21.2132 51.4782 9.0554 23.7065 28.4429 31.305 6.3246 12.083 40.4969 0 17
20.5183 45.3982 16 16.7631 18.6815 20.5913 24.5153 34.9857 29.6816 33.1059 32.311 23.3238 34 28.0179 5.099 16.1555 25.318 24 10.7703 21.9317 19.6469 10.2956 15.1327 36.6197 8.0623 11.7047 12.083 17.8045 23.0868 16.2788 27.8029 17 0
