870.49
36
311 551 10
459 699 10
593 833 10
275 515 10
194 434 10
477 717 10
155 395 10
315 555 10
141 381 10
621 861 10
664 904 10
664 904 10
380 620 10
266 506 10
115 355 10
337 577 10
662 902 10
42 282 10
131 371 10
11 251 10
585 825 10
172 412 10
208 448 10
660 900 10
702 942 10
92 332 10
45 285 10
335 575 10
284 524 10
289 529 10
299 539 10
653 893 10
659 899 10
14 254 10
40 280 10
487 727 10
0 33.541 31.6228 38.0789 45.1774 40.05 35.0571 45 35 45.0444 35.0571 45.2769 45.0444 38.0526 33.541 25 26.9258 47.1699 42.4264 20.6155 11.1803 36.0555 57.0088 42.9418 49.98 7.61577 14.7648 19.2354 27.0185 35.4683 32.2025 38.2099 52.4786 12.0416 14.7648 20.6155 48.1664
33.541 0 5 5 45.3431 40.6079 37.7359 42.4264 36.0555 41.0366 34.4093 39.0512 43.8634 39.4081 47.4342 15.8114 22.3607 25.4951 15 35.3553 25.4951 18.0278 30.4138 55.0364 34.5398 38.8973 18.7883 27.2947 47.3814 54.3415 15.5563 11.1803 64.4127 39.6232 43.7379 46.0435 18.0278
31.6228 5 0 7.0711 48.7955 43.8634 40.6079 46.0977 39.0512 44.8219 37.5366 43.0116 47.4236 42.5206 49.2443 18.0278 25 30.4138 20 36.4005 25 22.3607 35.3553 57.3062 39.2173 37.6563 17.2627 28.4605 48.2701 55.6597 19.4165 16.1245 66.888 39.0512 43.1045 46.0977 22.8035
38.0789 5 7.0711 0 49.2037 44.6542 42.0595 46.0977 40.3113 44.5982 38.5876 42.4264 47.634 43.566 52.2015 20.6155 26.9258 26.9258 15.8114 40.3113 30.4138 21.2132 30 59.6154 36.7151 43.6807 23.4094 32.249 52.345 59.2284 19.4165 13.0384 68.8767 44.5533 48.6621 51.0392 17.0294
45.1774 45.3431 48.7955 49.2037 0 5.3852 10.198 4 10.7703 6 11.6619 9 2 7.2801 18.6011 31.4006 24.4131 29.4279 37.1618 25.02 36.1386 28.3019 39 17.4642 21.095 42.107 41.6293 26.9258 27.2947 26.1725 29.8329 37.2156 23 37.3363 39.0512 34.176 42.0595
40.05 40.6079 43.8634 44.6542 5.3852 0 5 5.3852 5.3852 6.4031 6.4031 8.6023 5 2 16.4012 26.2488 19.2094 27 33.5261 20.2237 30.8058 24.1661 37.3363 18.1108 20.2485 37.3363 36.2491 21.587 24.2074 24.6982 25.2389 33.1059 25.4951 32.7567 34.7851 30.4138 38.833
35.0571 37.7359 40.6079 42.0595 10.198 5 0 10.198 2 10.7703 4 12.2066 10 3 13.9284 22.6716 15.6205 27.4591 32.3883 15.2971 25.9615 22.561 38.3275 18.2483 22.4722 32.3883 31.7648 16.7631 20.5183 22.4722 22.8473 31.3209 26.9258 27.8927 30.0832 26.0768 38.1182
45 42.4264 46.0977 46.0977 4 5.3852 10.198 0 10 2 10.198 5 2 7.2801 21.2132 29.1548 22.3607 25.4951 33.541 25.4951 35.3553 25 35 21.1896 17.1172 42.5793 40.1622 26.1725 29.4109 29.2062 26.8701 33.8378 27 38.0789 40.1622 35.7771 38.2753
35 36.0555 39.0512 40.3113 10.7703 5.3852 2 10 0 10.198 2 11.1803 10.198 3.6056 15.8114 21.2132 14.1421 25.4951 30.4138 15.8114 25.4951 20.6155 36.4005 20.2237 20.8087 32.7567 30.8707 16.2788 22.0227 24.3516 21.0238 29.4109 28.7924 28.4605 30.8707 27.2029 36.1248
45.0444 41.0366 44.8219 44.5982 6 6.4031 10.7703 2 10.198 0 10 3 4 8.0623 22.6716 28.178 21.5407 23.5372 31.7648 25.9615 35.1283 23.4307 33 23.0868 15.1327 42.9535 39.5601 26.0192 30.6105 30.8058 25.4951 32.2025 29 38.6005 40.8534 36.7151 36.4005
35.0571 34.4093 37.5366 38.5876 11.6619 6.4031 4 10.198 2 10 0 10.4403 10.7703 5 17.72 19.8494 12.8062 23.5372 28.4429 16.5529 25.1794 18.6815 34.4819 22.2036 19.2094 33.2415 30.0832 16.0312 23.6008 26.2488 19.2354 27.5136 30.6757 29.1548 31.7648 28.4253 34.1321
45.2769 39.0512 43.0116 42.4264 9 8.6023 12.2066 5 11.1803 3 10.4403 0 7 9.8995 25 26.9258 20.6155 20.6155 29.1548 26.9258 35 21.2132 30 25.9615 12.1655 43.6807 38.833 26.0768 32.5576 33.2866 23.6008 29.8329 32 39.5601 42.0476 38.2753 33.6155
45.0444 43.8634 47.4236 47.634 2 5 10 2 10.198 4 10.7703 7 0 7 19.8494 30.2324 23.3238 27.4591 35.3412 25.1794 35.6931 26.6271 37 19.3132 19.105 42.2966 40.8534 26.4764 28.3019 27.6586 28.3196 35.5106 25 37.6563 39.5601 34.9285 40.1622
38.0526 39.4081 42.5206 43.566 7.2801 2 3 7.2801 3.6056 8.0623 5 9.8995 7 0 15.2643 24.7588 17.6918 27.074 32.9848 18.2483 28.8617 23.4094 37.6563 18 21.0238 35.3553 34.4384 19.6469 22.6716 23.7065 24.1868 32.311 25.9615 30.8058 32.8938 28.6531 38.4708
33.541 47.4342 49.2443 52.2015 18.6011 16.4012 13.9284 21.2132 15.8114 22.6716 17.72 25 19.8494 15.2643 0 31.6228 25.4951 41.2311 45 14.1421 28.2843 35 52.2015 9.434 36.2353 28.1603 36.2353 21.095 9.2195 8.544 34.2345 43.1856 19.2094 22.8035 23.0868 17.0294 51.0392
25 15.8114 18.0278 20.6155 31.4006 26.2488 22.6716 29.1548 21.2132 28.178 19.8494 26.9258 30.2324 24.7588 31.6228 0 7.0711 22.3607 18.0278 20 14.1421 11.1803 32.0156 39.3573 27.074 27.8029 13.1529 12.0416 32.0156 38.6394 7.2111 14.3178 48.8774 26.8328 30.8707 31.7805 24.1868
26.9258 22.3607 25 26.9258 24.4131 19.2094 15.6205 22.3607 14.1421 21.5407 12.8062 20.6155 23.3238 17.6918 25.4951 7.0711 0 21.2132 20.6155 15.8114 15.8114 11.1803 32.0156 32.6956 23.0868 27.8029 18.2483 9.2195 27.2947 33.0606 9.0554 18.0278 42.0595 25.4951 29.2062 28.6356 26.9258
47.1699 25.4951 30.4138 26.9258 29.4279 27 27.4591 25.4951 25.4951 23.5372 23.5372 20.6155 27.4591 27.074 41.2311 22.3607 21.2132 0 11.1803 36.0555 36.0555 11.1803 11.1803 45.0444 10.6301 48.9183 35.1141 30.4138 46.0977 49.7293 15.2315 14.3178 52.2398 46.6905 50.3289 49.0918 13.6015
42.4264 15 20 15.8114 37.1618 33.5261 32.3883 33.541 30.4138 31.7648 28.4429 29.1548 35.3412 32.9848 45 18.0278 20.6155 11.1803 0 36.4005 32.0156 10 15.8114 50.636 21.4009 45.8039 28.6007 29.1548 47.8539 53.0848 11.7047 4.4721 58.9406 44.7772 48.7647 49.0408 6.3246
20.6155 35.3553 36.4005 40.3113 25.02 20.2237 15.2971 25.4951 15.8114 25.9615 16.5529 26.9258 25.1794 18.2483 14.1421 20 15.8114 36.0555 36.4005 0 14.1421 26.9258 47.1699 23.4307 34.8281 17.1172 22.2036 8.0623 12.0416 19.3132 24.7386 33.541 33.3017 12.6491 15.2643 13.0384 42.72
11.1803 25.4951 25 30.4138 36.1386 30.8058 25.9615 35.3553 25.4951 35.1283 25.1794 35 35.6931 28.8617 28.2843 14.1421 15.8114 36.0555 32.0156 14.1421 0 25 46.0977 37.5366 38.8973 13.8924 8.544 9.2195 24.5967 32.7567 21.2603 28.0179 47.4236 14.1421 18.2483 21.2132 38.0132
36.0555 18.0278 22.3607 21.2132 28.3019 24.1661 22.561 25 20.6155 23.4307 18.6815 21.2132 26.6271 23.4094 35 11.1803 11.1803 11.1803 10 26.9258 25 0 21.2132 40.7922 17.2627 38.1838 24.0416 20.2485 38.0789 43.1045 4.1231 8.9443 49.3356 36.4005 40.2244 39.8121 16.1245
57.0088 30.4138 35.3553 30 39 37.3363 38.3275 35 36.4005 33 34.4819 30 37 37.6563 52.2015 32.0156 32.0156 11.1803 15.8114 47.1699 46.0977 21.2132 0 55.4437 18.1108 59.397 43.909 41.2311 57.2713 60.7289 24.8395 20.2485 62 57.4891 61.2209 60.208 13.0384
42.9418 55.0364 57.3062 59.6154 17.4642 18.1108 18.2483 21.1896 20.2237 23.0868 22.2036 25.9615 19.3132 18 9.434 39.3573 32.6956 45.0444 50.636 23.4307 37.5366 40.7922 55.4437 0 38.0789 37.3363 45.2769 29.8329 17.2627 11.4018 40.8044 49.4773 9.8995 31.9531 31.7805 25.318 56.3205
49.98 34.5398 39.2173 36.7151 21.095 20.2485 22.4722 17.1172 20.8087 15.1327 19.2094 12.1655 19.105 21.0238 36.2353 27.074 23.0868 10.6301 21.4009 34.8281 38.8973 17.2627 18.1108 38.0789 0 50.1199 40.1995 31.305 42.8019 44.7214 21.095 23.7065 44.0454 46.8722 50 47.3814 24.2074
7.6158 38.8973 37.6563 43.6807 42.107 37.3363 32.3883 42.5793 32.7567 42.9535 33.2415 43.6807 42.2966 35.3553 28.1603 27.8029 27.8029 48.9183 45.8039 17.1172 13.8924 38.1838 59.397 37.3363 50.1199 0 20.3961 18.868 20.5913 28.8444 34.7131 41.8808 46.5188 5.3852 7.2111 13.4536 51.8652
14.7648 18.7883 17.2627 23.4094 41.6293 36.2491 31.7648 40.1622 30.8707 39.5601 30.0832 38.833 40.8534 34.4384 36.2353 13.1529 18.2483 35.1141 28.6007 22.2036 8.544 24.0416 43.909 45.2769 40.1995 20.3961 0 15.6205 33.1059 41.1825 19.9249 24.2074 55.1725 22.0227 26 29.6142 33.9706
19.2354 27.2947 28.4605 32.249 26.9258 21.587 16.7631 26.1725 16.2788 26.0192 16.0312 26.0768 26.4764 19.6469 21.095 12.0416 9.2195 30.4138 29.1548 8.0623 9.2195 20.2485 41.2311 29.8329 31.305 18.868 15.6205 0 20.0998 27.2029 17.4642 25.9615 39.6989 16.2788 20 19.9249 35.4683
27.0185 47.3814 48.2701 52.345 27.2947 24.2074 20.5183 29.4109 22.0227 30.6105 23.6008 32.5576 28.3019 22.6716 9.2195 32.0156 27.2947 46.0977 47.8539 12.0416 24.5967 38.0789 57.2713 17.2627 42.8019 20.5913 33.1059 20.0998 0 8.4853 36.3456 45.2769 26 15.2643 14.5602 8.0623 54.1295
35.4683 54.3415 55.6597 59.2284 26.1725 24.6982 22.4722 29.2062 24.3516 30.8058 26.2488 33.2866 27.6586 23.7065 8.544 38.6394 33.0606 49.7293 53.0848 19.3132 32.7567 43.1045 60.7289 11.4018 44.7214 28.8444 41.1825 27.2029 8.4853 0 42.0119 51.0098 18.4391 23.6008 22.3607 15.6525 59.2115
32.2025 15.5563 19.4165 19.4165 29.8329 25.2389 22.8473 26.8701 21.0238 25.4951 19.2354 23.6008 28.3196 24.1868 34.2345 7.2111 9.0554 15.2315 11.7047 24.7386 21.2603 4.1231 24.8395 40.8044 21.095 34.7131 19.9249 17.4642 36.3456 42.0119 0 9 49.7695 33.2866 37.2156 37.3363 18.0278
38.2099 11.1803 16.1245 13.0384 37.2156 33.1059 31.3209 33.8378 29.4109 32.2025 27.5136 29.8329 35.5106 32.311 43.1856 14.3178 18.0278 14.3178 4.4721 33.541 28.0179 8.9443 20.2485 49.4773 23.7065 41.8808 24.2074 25.9615 45.2769 51.0098 9 0 58.1893 41.1461 45.1885 45.8803 10
52.4786 64.4127 66.888 68.8767 23 25.4951 26.9258 27 28.7924 29 30.6757 32 25 25.9615 19.2094 48.8774 42.0595 52.2398 58.9406 33.3017 47.4236 49.3356 62 9.8995 44.0454 46.5188 55.1725 39.6989 26 18.4391 49.7695 58.1893 0 41.1461 40.4969 33.8378 64.3273
12.0416 39.6232 39.0512 44.5533 37.3363 32.7567 27.8927 38.0789 28.4605 38.6005 29.1548 39.5601 37.6563 30.8058 22.8035 26.8328 25.4951 46.6905 44.7772 12.6491 14.1421 36.4005 57.4891 31.9531 46.8722 5.3852 22.0227 16.2788 15.2643 23.6008 33.2866 41.1461 41.1461 0 4.1231 8.6023 51
14.7648 43.7379 43.1045 48.6621 39.0512 34.7851 30.0832 40.1622 30.8707 40.8534 31.7648 42.0476 39.5601 32.8938 23.0868 30.8707 29.2062 50.3289 48.7647 15.2643 18.2483 40.2244 61.2209 31.7805 50 7.2111 26 20 14.5602 22.3607 37.2156 45.1885 40.4969 4.1231 0 6.7082 55.0091
20.6155 46.0435 46.0977 51.0392 34.176 30.4138 26.0768 35.7771 27.2029 36.7151 28.4253 38.2753 34.9285 28.6531 17.0294 31.7805 28.6356 49.0918 49.0408 13.0384 21.2132 39.8121 60.208 25.318 47.3814 13.4536 29.6142 19.9249 8.0623 15.6525 37.3363 45.8803 33.8378 8.6023 6.7082 0 55.3624
48.1664 18.0278 22.8035 17.0294 42.0595 38.833 38.1182 38.2753 36.1248 36.4005 34.1321 33.6155 40.1622 38.4708 51.0392 24.1868 26.9258 13.6015 6.3246 42.72 38.0132 16.1245 13.0384 56.3205 24.2074 51.8652 33.9706 35.4683 54.1295 59.2115 18.0278 10 64.3273 51 55.0091 55.3624 0
