745.77
32
591 874 10
73 350 10
473 588 10
418 913 10
40 390 10
396 905 10
43 712 10
530 703 10
131 544 10
36 800 10
233 544 10
207 664 10
33 624 10
549 718 10
62 491 10
37 677 10
435 662 10
284 585 10
568 753 10
421 896 10
230 405 10
423 828 10
441 902 10
211 930 10
201 400 10
27 382 10
369 460 10
100 539 10
324 513 10
298 928 10
385 518 10
262 930 10
0 38.0789 30.8058 39.3573 36.0555 40.3113 44.2041 43.0116 40.6079 37.2022 36.0555 40.3113 30.8058 33.541 38.0789 35.3412 37.7359 37.2022 20 18.0278 14.1421 15.8114 13.0384 10 19.6469 25.4951 27.4591 12.0416 17.8885 4.24264 21.095 17.1172 19.2354
38.0789 0 10.4403 3 7.0711 5 42 40 40.1123 37.3363 35.3553 35 34.4819 30.4138 30 30.1496 5.831 8.6023 35.3553 39.0512 25.4951 28.2843 50.5964 29.1548 18.868 50 42.9418 36.1248 27.0185 39.8497 48.8365 48.9183 18.9737
30.8058 10.4403 0 10 5.3852 10.198 46.0977 44.1475 43.566 40.3113 38.3275 39.2938 36 33.3766 34.4819 33.7343 7.2801 6.4031 25.0799 36.2491 17 25.0799 42.4853 23.4307 14.3178 47.4236 42.2019 31.9061 17.1172 31.7648 45.2769 44.2041 12.0416
39.3573 3 10 0 5.3852 2 45 43 43.1045 40.3113 38.3275 38 37.3631 33.3766 33 33.1361 3.6056 6.4031 35.0571 41.4005 26.2488 30.4795 51.6236 30.8058 20.6155 52.4309 45.618 38.1838 27.074 40.8534 51.0882 50.9313 20.1246
36.0555 7.0711 5.3852 5.3852 0 5 47.2652 45.2769 45.0444 42 40 40.3113 38.3275 35 35.3553 35.0571 2 2 30 40.3113 22.3607 29.1548 47.8539 28.2843 18.6011 51.4782 45.5412 36.4005 22.3607 37.1214 49.6488 48.9183 17.0294
40.3113 5 10.198 2 5 0 47 45 45.0999 42.2966 40.3113 40 39.2938 35.3553 35 35.1283 3 5.3852 35 43.0116 26.9258 32.0156 52.3927 32.0156 21.9317 54.0833 47.4236 39.6232 27.2947 41.6293 52.6308 52.3259 21.095
44.2041 42 46.0977 45 47.2652 47 0 2 3.6056 7.0711 8.6023 7 13.4536 13 12 12.3693 47.0956 49.2544 58.6003 27.7308 44.6542 29.7321 54.5894 36.7967 35.7771 30.0666 20.3961 32.45 50.774 48.4149 33.541 38.3275 40.2492
43.0116 40 44.1475 43 45.2769 45 2 0 3 5.831 7.0711 5 12.2066 11.1803 10 10.4403 45.0999 47.2652 57.0088 26.9258 43.0116 28.2843 53.6656 35.3553 34 30 20.0998 31.3847 49.0918 47.2017 33.2415 37.855 38.4708
40.6079 40.1123 43.566 43.1045 45.0444 45.0999 3.6056 3 0 3.6056 5.3852 5.831 9.8995 10.198 10.4403 10 45 47.0425 55.2178 24.1661 41.3401 26.2488 51 33.3017 32.6956 27 17.1172 28.8444 47.5079 44.8219 30.2655 34.9285 37.1618
37.2022 37.3363 40.3113 40.3113 42 42.2966 7.0711 5.831 3.6056 0 2 5.3852 6.4031 7 8.6023 7.2801 42.0476 44 51.614 21.1896 37.7359 22.6716 47.8539 29.7321 29.1548 25.1794 15.0333 25.5539 43.909 41.4005 28.0179 32.3883 33.6155
36.0555 35.3553 38.3275 38.3275 40 40.3113 8.6023 7.0711 5.3852 2 0 5 5.3852 5 7.0711 5.3852 40.05 42 50 20.6155 36.0555 21.2132 47.0106 28.2843 27.313 25.4951 15.2971 24.5967 42.19 40.2244 28.0179 32.1403 31.7805
40.3113 35 39.2938 38 40.3113 40 7 5 5.831 5.3852 5 0 10.198 7.0711 5 5.831 40.1123 42.2966 53.1507 25.4951 39.0512 25 51.6236 32.0156 29.6816 30.4138 20.2237 29.1548 45 44.4185 33.0151 37.1214 34.1321
30.8058 34.4819 36 37.3631 38.3275 39.2938 13.4536 12.2066 9.8995 6.4031 5.3852 10.198 0 5.831 10.4403 7.6158 38.6394 40.3113 45.4863 15.2971 31.7648 16.4012 41.6293 23.4307 23.7697 21.1896 11.1803 19.2354 38.0132 35 23.1948 27.0185 28.1603
33.541 30.4138 33.3766 33.3766 35 35.3553 13 11.1803 10.198 7 5 7.0711 5.831 0 5 2 35.0571 37 46.0977 20 32.0156 18.0278 45.2217 25 22.8254 26.9258 17 22.8035 38.0132 37.5899 28.6356 32.0624 27.2947
38.0789 30 34.4819 33 35.3553 35 12 10 10.4403 8.6023 7.0711 5 10.4403 5 0 3 35.1283 37.3363 49.4975 25 35.3553 22.3607 50 29.1548 25.6125 31.6228 21.5407 27.6586 41.1096 42.0476 33.541 37.054 30
35.3412 30.1496 33.7343 33.1361 35.0571 35.1283 12.3693 10.4403 10 7.2801 5.3852 5.831 7.6158 2 3 0 35 37.054 47.4236 22 33.3017 19.7231 47.1275 26.6271 23.8537 28.7924 18.7883 24.7386 39.2046 39.3573 30.5941 34.0588 28.3019
37.7359 5.831 7.2801 3.6056 2 3 47.0956 45.0999 45 42.0476 40.05 40.1123 38.6394 35.0571 35.1283 35 0 2.8284 32 41.3401 24.1661 30.2324 49.6588 29.7321 19.8494 52.4786 46.2385 37.6431 24.3311 38.9102 50.8035 50.2494 18.6011
37.2022 8.6023 6.4031 6.4031 2 5.3852 49.2544 47.2652 47.0425 44 42 42.2966 40.3113 37 37.3363 37.054 2.8284 0 30.0666 42.0595 23.3238 30.8869 48.7647 29.7321 20.2485 53.2353 47.4342 38.0132 22.8035 38.0789 51.3128 50.448 18.3848
20 35.3553 25.0799 35.0571 30 35 58.6003 57.0088 55.2178 51.614 50 53.1507 45.4863 46.0977 49.4975 47.4236 32 30.0666 0 36.4005 14.1421 29.1548 24.6982 22.3607 24.2074 45.2769 45.5412 30.0832 8.9443 17.2627 41.0488 37.054 20.2485
18.0278 39.0512 36.2491 41.4005 40.3113 43.0116 27.7308 26.9258 24.1661 21.1896 20.6155 25.4951 15.2971 20 25 22 41.3401 42.0595 36.4005 0 25 11.1803 26.9258 15 21.9317 11.1803 9.434 6.3246 31.0644 22.2036 10 12.1655 25
14.1421 25.4951 17 26.2488 22.3607 26.9258 44.6542 43.0116 41.3401 37.7359 36.0555 39.0512 31.7648 32.0156 35.3553 33.3017 24.1661 23.3238 14.1421 25 0 15.8114 25.4951 10 10.2956 35.3553 33.3766 19.105 6.3246 14.7648 32.0156 29.5466 7.0711
15.8114 28.2843 25.0799 30.4795 29.1548 32.0156 29.7321 28.2843 26.2488 22.6716 21.2132 25 16.4012 18.0278 22.3607 19.7231 30.2324 30.8869 29.1548 11.1803 15.8114 0 28.2843 7.0711 10.7703 22.3607 18 8.0623 22.1359 19.6977 20.6155 20.8087 14.1421
13.0384 50.5964 42.4853 51.6236 47.8539 52.3927 54.5894 53.6656 51 47.8539 47.0106 51.6236 41.6293 45.2217 50 47.1275 49.6588 48.7647 24.6982 26.9258 25.4951 28.2843 0 23.0217 32.5576 30 35.609 22.4722 27.0185 10.7703 25 19.4165 31.6228
10 29.1548 23.4307 30.8058 28.2843 32.0156 36.7967 35.3553 33.3017 29.7321 28.2843 32.0156 23.4307 25 29.1548 26.6271 29.7321 29.7321 22.3607 15 10 7.0711 23.0217 0 10.2956 25.4951 23.5372 9.2195 16.1245 13.3417 22.4722 20.8087 11.4018
19.6469 18.868 14.3178 20.6155 18.6011 21.9317 35.7771 34 32.6956 29.1548 27.313 29.6816 23.7697 22.8254 25.6125 23.8537 19.8494 20.2485 24.2074 21.9317 10.2956 10.7703 32.5576 10.2956 0 33.1059 28.2843 17.8045 15.5563 22.0907 31.0644 30.4138 4.4721
25.4951 50 47.4236 52.4309 51.4782 54.0833 30.0666 30 27 25.1794 25.4951 30.4138 21.1896 26.9258 31.6228 28.7924 52.4786 53.2353 45.2769 11.1803 35.3553 22.3607 30 25.4951 33.1059 0 10.198 16.2788 41.1096 29.1204 5 10.6301 36.0555
27.4591 42.9418 42.2019 45.618 45.5412 47.4236 20.3961 20.0998 17.1172 15.0333 15.2971 20.2237 11.1803 17 21.5407 18.7883 46.2385 47.4342 45.5412 9.434 33.3766 18 35.609 23.5372 28.2843 10.198 0 15.6525 39.6232 31.6228 13.1529 18.0278 32.0624
12.0416 36.1248 31.9061 38.1838 36.4005 39.6232 32.45 31.3847 28.8444 25.5539 24.5967 29.1548 19.2354 22.8035 27.6586 24.7386 37.6431 38.0132 30.0832 6.3246 19.105 8.0623 22.4722 9.2195 17.8045 16.2788 15.6525 0 25 16.2788 13.4164 12.8062 20.1246
17.8885 27.0185 17.1172 27.074 22.3607 27.2947 50.774 49.0918 47.5079 43.909 42.19 45 38.0132 38.0132 41.1096 39.2046 24.3311 22.8035 8.9443 31.0644 6.3246 22.1359 27.0185 16.1245 15.5563 41.1096 39.6232 25 0 17.0294 37.4833 34.4819 11.4018
4.2426 39.8497 31.7648 40.8534 37.1214 41.6293 48.4149 47.2017 44.8219 41.4005 40.2244 44.4185 35 37.5899 42.0476 39.3573 38.9102 38.0789 17.2627 22.2036 14.7648 19.6977 10.7703 13.3417 22.0907 29.1204 31.6228 16.2788 17.0294 0 24.5153 20.025 20.8806
21.095 48.8365 45.2769 51.0882 49.6488 52.6308 33.541 33.2415 30.2655 28.0179 28.0179 33.0151 23.1948 28.6356 33.541 30.5941 50.8035 51.3128 41.0488 10 32.0156 20.6155 25 22.4722 31.0644 5 13.1529 13.4164 37.4833 24.5153 0 5.6569 33.541
17.1172 48.9183 44.2041 50.9313 48.9183 52.3259 38.3275 37.855 34.9285 32.3883 32.1403 37.1214 27.0185 32.0624 37.054 34.0588 50.2494 50.448 37.054 12.1655 29.5466 20.8087 19.4165 20.8087 30.4138 10.6301 18.0278 12.8062 34.4819 20.025 5.6569 0 32.2025
19.2354 18.9737 12.0416 20.1246 17.0294 21.095 40.2492 38.4708 37.1618 33.6155 31.7805 34.1321 28.1603 27.2947 30 28.3019 18.6011 18.3848 20.2485 25 7.0711 14.1421 31.6228 11.4018 4.4721 36.0555 32.0624 20.1246 11.4018 20.8806 33.541 32.2025 0
