810.7
37
218 571 10
85 542 10
391 802 10
45 517 10
229 640 10
45 523 10
389 914 10
386 904 10
389 788 10
55 575 10
90 521 10
425 898 10
342 751 10
396 904 10
341 658 10
351 782 10
161 610 10
390 843 10
227 686 10
401 902 10
39 593 10
404 847 10
100 555 10
9 510 10
430 913 10
63 520 10
125 530 10
390 900 10
14 506 10
259 650 10
198 609 10
325 897 10
442 937 10
14 581 10
20 539 10
426 787 10
14 499 10
0 45.1774 40.05 35.0571 45 35 45.0444 35.0571 45.2769 58.5235 55.7136 52 51.0784 47.4342 45.0444 38.0526 35.3412 33.541 18.0278 26.9258 47.1699 39.0512 13.0384 25.2982 9.21954 36.0555 57.0088 42.9418 49.98 14.7648 27.0185 35.4683 52.4786 12.0416 14.7648 20.6155 48.1664 14.1421
45.1774 0 5.3852 10.198 4 10.7703 6 11.6619 9 56.7979 54.1202 50.6063 49.7393 50.8035 2 7.2801 41.0366 18.6011 30.5941 24.4131 29.4279 25.807 32.1403 42.0595 48.7647 28.3019 39 17.4642 21.095 41.6293 27.2947 26.1725 23 37.3363 39.0512 34.176 42.0595 50.3289
40.05 5.3852 0 5 5.3852 5.3852 6.4031 6.4031 8.6023 56.648 53.8516 50.1597 49.2443 49.7393 5 2 39.0512 16.4012 26.2488 19.2094 27 25.0799 27.0185 38.833 43.4166 24.1661 37.3363 18.1108 20.2485 36.2491 24.2074 24.6982 25.4951 32.7567 34.7851 30.4138 38.833 44.9444
35.0571 10.198 5 0 10.198 2 10.7703 4 12.2066 55.0818 52.2015 48.3839 47.4342 47.4236 10 3 36.0555 13.9284 21.5407 15.6205 27.4591 23.5372 22.0227 34.8281 38.6005 22.561 38.3275 18.2483 22.4722 31.7648 20.5183 22.4722 26.9258 27.8927 30.0832 26.0768 38.1182 40.3113
45 4 5.3852 10.198 0 10 2 10.198 5 60.4152 57.6975 54.1202 53.2353 54.0833 2 7.2801 43.8634 21.2132 31.6228 22.3607 25.4951 29.1548 32.0156 44.1022 47.8539 25 35 21.1896 17.1172 40.1622 29.4109 29.2062 27 38.0789 40.1622 35.7771 38.2753 49.0408
35 10.7703 5.3852 2 10 0 10.198 2 11.1803 57.0088 54.1202 50.2892 49.3356 49.2443 10.198 3.6056 37.7359 15.8114 22.3607 14.1421 25.4951 25.4951 22.0227 36.1248 38.0789 20.6155 36.4005 20.2237 20.8087 30.8707 22.0227 24.3516 28.7924 28.4605 30.8707 27.2029 36.1248 39.5601
45.0444 6 6.4031 10.7703 2 10.198 0 10 3 62.2415 59.5063 55.9017 55.0091 55.7584 4 8.0623 45.3431 22.6716 32.311 21.5407 23.5372 30.8869 32.1403 45.2217 47.5184 23.4307 33 23.0868 15.1327 39.5601 30.6105 30.8058 29 38.6005 40.8534 36.7151 36.4005 48.5077
35.0571 11.6619 6.4031 4 10.198 2 10 0 10.4403 58.9406 56.0446 52.2015 51.2445 51.0784 10.7703 5 39.4462 17.72 23.3238 12.8062 23.5372 27.4591 22.2036 37.4833 37.6563 18.6815 34.4819 22.2036 19.2094 30.0832 23.6008 26.2488 30.6757 29.1548 31.7648 28.4253 34.1321 38.8973
45.2769 9 8.6023 12.2066 5 11.1803 3 10.4403 0 65 62.2415 58.6003 57.6975 58.3095 7 9.8995 47.634 25 33.541 20.6155 20.6155 33.541 32.5576 47.0106 47.1699 21.2132 30 25.9615 12.1655 38.833 32.5576 33.2866 32 39.5601 42.0476 38.2753 33.6155 47.8539
58.5235 56.7979 56.648 55.0818 60.4152 57.0088 62.2415 58.9406 65 0 3 7 8 11.1803 58.6003 55.9732 23.5372 41.2311 45.2769 65.192 82.4621 31.6228 54.4518 33.2415 67.6757 75.6637 93.408 39.3573 76.896 69.2315 38.0132 32.7567 37.5366 47.5395 43.9659 39.6232 91.788 72.4224
55.7136 54.1202 53.8516 52.2015 57.6975 54.1202 59.5063 56.0446 62.2415 3 0 4 5 8.6023 55.9017 53.1413 20.6155 38.3275 42.2966 62.2013 79.555 28.7924 51.4782 30.4631 64.846 72.6911 90.521 36.7151 74.0945 66.2873 35.0143 29.8329 35.3553 44.643 41.1096 36.6742 88.8144 69.5701
52 50.6063 50.1597 48.3839 54.1202 50.2892 55.9017 52.2015 58.6003 7 4 0 1 5.831 52.3546 49.3964 16.7631 34.4819 38.3275 58.2151 75.6902 25.0799 47.5184 26.8328 61.0983 68.7314 86.6833 33.2866 70.3847 62.3699 31.0161 25.9615 32.6497 40.8044 37.3363 32.7567 84.8528 65.7875
51.0784 49.7393 49.2443 47.4342 53.2353 49.3356 55.0091 51.2445 57.6975 8 5 1 0 5.3852 51.4782 48.4665 15.8114 33.5261 37.3363 57.2189 74.7262 24.1661 46.5296 25.9422 60.1664 67.7422 85.7263 32.45 69.4622 61.3922 30.0167 25 32.0156 39.8497 36.4005 31.7805 83.863 64.846
47.4342 50.8035 49.7393 47.4236 54.0833 49.2443 55.7584 51.0784 58.3095 11.1803 8.6023 5.831 5.3852 0 52.4309 48.7647 13 33.541 35 55.9017 74.3303 25 44.0454 22.1359 56.6127 66.7083 85.44 33.9706 69.7711 58.5491 28.6356 25.0599 34.9857 36.6742 32.9848 29.0689 82.7647 61.4003
45.0444 2 5 10 2 10.198 4 10.7703 7 58.6003 55.9017 52.3546 51.4782 52.4309 0 7 42.4264 19.8494 31.0483 23.3238 27.4591 27.4591 32.0156 43.0465 48.2701 26.6271 37 19.3132 19.105 40.8534 28.3019 27.6586 25 37.6563 39.5601 34.9285 40.1622 49.6488
38.0526 7.2801 2 3 7.2801 3.6056 8.0623 5 9.8995 55.9732 53.1413 49.3964 48.4665 48.7647 7 0 37.8021 15.2643 24.3516 17.6918 27.074 24.3516 25.02 37.2022 41.4849 23.4094 37.6563 18 21.0238 34.4384 22.6716 23.7065 25.9615 30.8058 32.8938 28.6531 38.4708 43.0813
35.3412 41.0366 39.0512 36.0555 43.8634 37.7359 45.3431 39.4462 47.634 23.5372 20.6155 16.7631 15.8114 13 42.4264 37.8021 0 22.6716 22 43.1741 62.2415 16.5529 31.0644 10.6301 44.3847 54.1202 73.4098 25.9422 58.5235 45.7056 16.1555 15 30.4138 24.0416 20.6155 16.1245 70.0928 49.0408
33.541 18.6011 16.4012 13.9284 21.2132 15.8114 22.6716 17.72 25 41.2311 38.3275 34.4819 33.5261 33.541 19.8494 15.2643 22.6716 0 15.8114 25.4951 41.2311 10 22.0227 23.7697 40 35 52.2015 9.434 36.2353 36.2353 9.2195 8.544 19.2094 22.8035 23.0868 17.0294 51.0392 43.1856
18.0278 30.5941 26.2488 21.5407 31.6228 22.3607 32.311 23.3238 33.541 45.2769 42.2966 38.3275 37.3363 35 31.0483 24.3516 22 15.8114 0 22.3607 43.0116 21.2132 9.2195 15.6525 25.4951 33.541 54.0833 25.0799 41.8688 24.3516 9.2195 17.6918 34.4819 7.0711 8.544 6.3246 49.0408 29.4109
26.9258 24.4131 19.2094 15.6205 22.3607 14.1421 21.5407 12.8062 20.6155 65.192 62.2013 58.2151 57.2189 55.9017 23.3238 17.6918 43.1741 25.4951 22.3607 0 21.2132 35.3553 16.2788 38.0132 27.0185 11.1803 32.0156 32.6956 23.0868 18.2483 27.2947 33.0606 42.0595 25.4951 29.2062 28.6356 26.9258 27.2947
47.1699 29.4279 27 27.4591 25.4951 25.4951 23.5372 23.5372 20.6155 82.4621 79.555 75.6902 74.7262 74.3303 27.4591 27.074 62.2415 41.2311 43.0116 21.2132 0 50.9902 37.4833 58.5235 44.9444 11.1803 11.1803 45.0444 10.6301 35.1141 46.0977 49.7293 52.2398 46.6905 50.3289 49.0918 13.6015 43.4166
39.0512 25.807 25.0799 23.5372 29.1548 25.4951 30.8869 27.4591 33.541 31.6228 28.7924 25.0799 24.1661 25 27.4591 24.3516 16.5529 10 21.2132 35.3553 50.9902 0 29.4109 22.0227 46.6905 45 61.8466 9.434 45.31 44.4185 12.0416 3.6056 15.1327 27.2029 25.9422 19.2354 61.0328 50.448
13.0384 32.1403 27.0185 22.0227 32.0156 22.0227 32.1403 22.2036 32.5576 54.4518 51.4782 47.5184 46.5296 44.0454 32.0156 25.02 31.0644 22.0227 9.2195 16.2788 37.4833 29.4109 0 23.5372 18.0278 27.0185 48.1664 31.4006 38.4708 15.2315 17.8885 26.0768 41.2311 9.434 13.4164 15 41.5933 21.2132
25.2982 42.0595 38.833 34.8281 44.1022 36.1248 45.2217 37.4833 47.0106 33.2415 30.4631 26.8328 25.9422 22.1359 43.0465 37.2022 10.6301 23.7697 15.6525 38.0132 58.5235 22.0227 23.5372 0 34.4819 49.1935 69.6419 30.2655 56.5862 37.0135 14.7648 19.0263 37.1214 15 11.0454 9.434 64.622 39.2938
9.2195 48.7647 43.4166 38.6005 47.8539 38.0789 47.5184 37.6563 47.1699 67.6757 64.846 61.0983 60.1664 56.6127 48.2701 41.4849 44.3847 40 25.4951 27.0185 44.9444 46.6905 18.0278 34.4819 0 33.8378 53.7122 49.4065 49.6488 9.8489 34.7131 43.1856 59.203 20.5913 23.7697 29.1548 43.4166 5
36.0555 28.3019 24.1661 22.561 25 20.6155 23.4307 18.6815 21.2132 75.6637 72.6911 68.7314 67.7422 66.7083 26.6271 23.4094 54.1202 35 33.541 11.1803 11.1803 45 27.0185 49.1935 33.8378 0 21.2132 40.7922 17.2627 24.0416 38.0789 43.1045 49.3356 36.4005 40.2244 39.8121 16.1245 32.5576
57.0088 39 37.3363 38.3275 35 36.4005 33 34.4819 30 93.408 90.521 86.6833 85.7263 85.44 37 37.6563 73.4098 52.2015 54.0833 32.0156 11.1803 61.8466 48.1664 69.6419 53.7122 21.2132 0 55.4437 18.1108 43.909 57.2713 60.7289 62 57.4891 61.2209 60.208 13.0384 51.4782
42.9418 17.4642 18.1108 18.2483 21.1896 20.2237 23.0868 22.2036 25.9615 39.3573 36.7151 33.2866 32.45 33.9706 19.3132 18 25.9422 9.434 25.0799 32.6956 45.0444 9.434 31.4006 30.2655 49.4065 40.7922 55.4437 0 38.0789 45.2769 17.2627 11.4018 9.8995 31.9531 31.7805 25.318 56.3205 52.4976
49.98 21.095 20.2485 22.4722 17.1172 20.8087 15.1327 19.2094 12.1655 76.896 74.0945 70.3847 69.4622 69.7711 19.105 21.0238 58.5235 36.2353 41.8688 23.0868 10.6301 45.31 38.4708 56.5862 49.6488 17.2627 18.1108 38.0789 0 40.1995 42.8019 44.7214 44.0454 46.8722 50 47.3814 24.2074 49.0918
14.7648 41.6293 36.2491 31.7648 40.1622 30.8707 39.5601 30.0832 38.833 69.2315 66.2873 62.3699 61.3922 58.5491 40.8534 34.4384 45.7056 36.2353 24.3516 18.2483 35.1141 44.4185 15.2315 37.0135 9.8489 24.0416 43.909 45.2769 40.1995 0 33.1059 41.1825 55.1725 22.0227 26 29.6142 33.9706 9.0554
27.0185 27.2947 24.2074 20.5183 29.4109 22.0227 30.6105 23.6008 32.5576 38.0132 35.0143 31.0161 30.0167 28.6356 28.3019 22.6716 16.1555 9.2195 9.2195 27.2947 46.0977 12.0416 17.8885 14.7648 34.7131 38.0789 57.2713 17.2627 42.8019 33.1059 0 8.4853 26 15.2643 14.5602 8.0623 54.1295 38.6005
35.4683 26.1725 24.6982 22.4722 29.2062 24.3516 30.8058 26.2488 33.2866 32.7567 29.8329 25.9615 25 25.0599 27.6586 23.7065 15 8.544 17.6918 33.0606 49.7293 3.6056 26.0768 19.0263 43.1856 43.1045 60.7289 11.4018 44.7214 41.1825 8.4853 0 18.4391 23.6008 22.3607 15.6525 59.2115 47.0106
52.4786 23 25.4951 26.9258 27 28.7924 29 30.6757 32 37.5366 35.3553 32.6497 32.0156 34.9857 25 25.9615 30.4138 19.2094 34.4819 42.0595 52.2398 15.1327 41.2311 37.1214 59.203 49.3356 62 9.8995 44.0454 55.1725 26 18.4391 0 41.1461 40.4969 33.8378 64.3273 62.3699
12.0416 37.3363 32.7567 27.8927 38.0789 28.4605 38.6005 29.1548 39.5601 47.5395 44.643 40.8044 39.8497 36.6742 37.6563 30.8058 24.0416 22.8035 7.0711 25.4951 46.6905 27.2029 9.434 15 20.5913 36.4005 57.4891 31.9531 46.8722 22.0227 15.2643 23.6008 41.1461 0 4.1231 8.6023 51 25.0799
14.7648 39.0512 34.7851 30.0832 40.1622 30.8707 40.8534 31.7648 42.0476 43.9659 41.1096 37.3363 36.4005 32.9848 39.5601 32.8938 20.6155 23.0868 8.544 29.2062 50.3289 25.9422 13.4164 11.0454 23.7697 40.2244 61.2209 31.7805 50 26 14.5602 22.3607 40.4969 4.1231 0 6.7082 55.0091 28.4605
20.6155 34.176 30.4138 26.0768 35.7771 27.2029 36.7151 28.4253 38.2753 39.6232 36.6742 32.7567 31.7805 29.0689 34.9285 28.6531 16.1245 17.0294 6.3246 28.6356 49.0918 19.2354 15 9.434 29.1548 39.8121 60.208 25.318 47.3814 29.6142 8.0623 15.6525 33.8378 8.6023 6.7082 0 55.3624 33.541
48.1664 42.0595 38.833 38.1182 38.2753 36.1248 36.4005 34.1321 33.6155 91.788 88.8144 84.8528 83.863 82.7647 40.1622 38.4708 70.0928 51.0392 49.0408 26.9258 13.6015 61.0328 41.5933 64.622 43.4166 16.1245 13.0384 56.3205 24.2074 33.9706 54.1295 59.2115 64.3273 51 55.0091 55.3624 0 40.4969
14.1421 50.3289 44.9444 40.3113 49.0408 39.5601 48.5077 38.8973 47.8539 72.4224 69.5701 65.7875 64.846 61.4003 49.6488 43.0813 49.0408 43.1856 29.4109 27.2947 43.4166 50.448 21.2132 39.2938 5 32.5576 51.4782 52.4976 49.0918 9.0554 38.6005 47.0106 62.3699 25.0799 28.4605 33.541 40.4969 0
