701.25
30
249 646 0
281 438 0
272 581 0
236 625 0
470 687 0
33 510 0
166 399 0
359 911 0
35 457 0
39 538 0
214 415 0
359 909 0
38 366 0
109 360 0
404 829 0
347 566 0
42 466 0
9 532 0
255 436 0
427 913 0
183 400 0
195 654 0
258 565 0
426 942 0
332 485 0
365 472 0
651 906 0
538 705 0
546 667 0
170 565 0
0 33.3017 35.3553 39.0512 33.541 31.6228 33.5261 32.3883 38.0789 35.3553 39.2938 41.2311 40.3113 38.3275 25 18.0278 26.9258 42.4264 9.21954 39.2938 36.0555 57.0088 32.5576 38.4708 7.61577 32.2025 38.2099 12.0416 15.5242 48.1664 20.5183
33.3017 0 3 5.831 40.7922 35.9026 36.4005 31.6228 42.0595 32.6956 38.4838 39.3573 34.9857 34 45.5412 51.225 51.4198 55.5788 26.4197 21.9317 55.0364 71.1969 21.4709 13.8924 40.3113 51.0882 51.3517 45.2769 42.5441 58.6941 40.7922
35.3553 3 0 5 40.3113 35.3553 35.6931 30.8058 41.2311 31.6228 37.3363 38.0789 33.541 32.6956 46.0977 53.1507 52.2015 55.2268 28.0179 19.8494 55.2268 70.7107 20.2485 11.4018 42.5206 51.3517 51.0882 47.3814 45.1774 58.0517 41.4849
39.0512 5.831 5 0 45.2769 40.3113 40.6079 35.6931 46.0977 36.4005 42.0595 42.72 38.0789 37.3363 50.9902 57.0088 57.0088 60.208 32.249 23.8537 60.208 75.6637 25 15 45.9674 56.3205 56.0803 50.9902 47.7074 62.9682 46.3249
33.541 40.7922 40.3113 45.2769 0 5 5.3852 10.198 5 11.1803 9.434 11.1803 14.1421 12.8062 15.8114 40 22.3607 15 27.0185 26.2488 18.0278 30.4138 21.095 33.2415 38.8973 15.5563 11.1803 39.6232 48.8467 18.0278 16
31.6228 35.9026 35.3553 40.3113 5 0 2 5.3852 7.0711 7.0711 8 10 11.1803 9.434 18.0278 40.3113 25 20 24.1868 21.5407 22.3607 35.3553 16.1245 28.2843 37.6563 19.4165 16.1245 39.0512 47.1275 22.8035 16.7631
33.5261 36.4005 35.6931 40.6079 5.3852 2 0 5 5.831 5.831 6 8 9.434 7.8102 19.7231 42.2966 26.6271 20.0998 25.9422 20.8806 23.3238 35.1283 16 28.0713 39.6232 20.6155 16.4924 41.0488 49.0408 22.3607 18.6815
32.3883 31.6228 30.8058 35.6931 10.198 5.3852 5 0 10.4403 3 7.8102 9.434 8 6 22.6716 43.1741 29.7321 25.0799 24.0416 16.1555 27.7308 40.1123 11 23.0868 39.0512 24.6982 21.3776 41.1096 47.8539 27.2947 20.5913
38.0789 42.0595 41.2311 46.0977 5 7.0711 5.831 10.4403 0 10 5.831 7.0711 11.1803 10.4403 20.6155 45 26.9258 15.8114 31.0644 25.1794 21.2132 30 21.2132 33.0151 43.6807 19.4165 13.0384 44.5533 53.4883 17.0294 21
35.3553 32.6956 31.6228 36.4005 11.1803 7.0711 5.831 3 10 0 5.831 7.0711 5 3 25 46.0977 32.0156 25.4951 26.9258 15.2971 29.1548 40 11.4018 23.0217 42.0476 26.4008 22.1359 44.1022 50.8035 27.0185 23.2594
39.2938 38.4838 37.3363 42.0595 9.434 8 6 7.8102 5.831 5.831 0 2 5.3852 5 25.0799 48.2597 31.7648 21.5407 31.3847 20 26.9072 35.1283 17.088 28.2843 45.5412 24.8395 18.868 47.0425 54.8179 22.0907 24.5153
41.2311 39.3573 38.0789 42.72 11.1803 10 8 9.434 7.0711 7.0711 2 0 5 5.3852 26.9258 50.2494 33.541 22.3607 33.2415 20.0998 28.2843 35.3553 17.8885 28.6356 47.5184 26.4008 20 49.0408 56.7539 22.3607 26.4764
40.3113 34.9857 33.541 38.0789 14.1421 11.1803 9.434 8 11.1803 5 5.3852 5 0 2 29.1548 50.9902 36.0555 26.9258 31.7805 15.1327 32.0156 40.3113 13.6015 23.7697 47.0425 29.6985 24.1868 49.0918 55.7315 27.2947 27.8568
38.3275 34 32.6956 37.3363 12.8062 9.434 7.8102 6 10.4403 3 5 5.3852 2 0 27.4591 49.0306 34.4093 26.2488 29.8329 15 30.8058 40.1123 12.53 23.3452 45.0444 28.3196 23.2594 47.0956 53.7587 27.074 26
25 45.5412 46.0977 50.9902 15.8114 18.0278 19.7231 22.6716 20.6155 25 25.0799 26.9258 29.1548 27.4591 0 25.4951 7.0711 18.0278 22.8035 37.8021 11.1803 32.0156 31.0644 42.4853 27.8029 7.2111 14.3178 26.8328 38.4187 24.1868 5.099
18.0278 51.225 53.1507 57.0088 40 40.3113 42.2966 43.1741 45 46.0977 48.2597 50.2494 50.9902 49.0306 25.4951 0 22.3607 42.72 25.4951 54.1202 33.541 54.0833 46.9574 55 12.3693 31.0161 39.5601 7.0711 19.6469 49.0408 24
26.9258 51.4198 52.2015 57.0088 22.3607 25 26.6271 29.7321 26.9258 32.0156 31.7648 33.541 36.0555 34.4093 7.0711 22.3607 0 20.6155 27.0185 44.8219 11.1803 32.0156 38.0132 49.2443 27.8029 9.0554 18.0278 25.4951 38.2884 26.9258 10.7703
42.4264 55.5788 55.2268 60.208 15 20 20.0998 25.0799 15.8114 25.4951 21.5407 22.3607 26.9258 26.2488 18.0278 42.72 20.6155 0 38.2753 40.7922 10 15.8114 36.0555 48.1664 45.8039 11.7047 4.4721 44.7772 56.4004 6.3246 21.9317
9.2195 26.4197 28.0179 32.249 27.0185 24.1868 25.9422 24.0416 31.0644 26.9258 31.3847 33.2415 31.7805 29.8329 22.8035 25.4951 27.0185 38.2753 0 30.0832 33.8378 53.7122 23.3452 29.6816 16.7631 29.7321 33.8378 20.5913 24.0832 43.4166 17.72
39.2938 21.9317 19.8494 23.8537 26.2488 21.5407 20.8806 16.1555 25.1794 15.2971 20 20.0998 15.1327 15 37.8021 54.1202 44.8219 40.7922 30.0832 0 43.8634 55.0818 7.2111 8.9443 46.8402 40.7063 37.3631 50.3289 53.3385 42.0476 34.6554
36.0555 55.0364 55.2268 60.208 18.0278 22.3607 23.3238 27.7308 21.2132 29.1548 26.9072 28.2843 32.0156 30.8058 11.1803 33.541 11.1803 10 33.8378 43.8634 0 21.2132 37.9473 50 38.1838 4.1231 8.9443 36.4005 48.7955 16.1245 16.1555
57.0088 71.1969 70.7107 75.6637 30.4138 35.3553 35.1283 40.1123 30 40 35.1283 35.3553 40.3113 40.1123 32.0156 54.0833 32.0156 15.8114 53.7122 55.0818 21.2132 0 51.0882 63.0079 59.397 24.8395 20.2485 57.4891 70.0071 13.0384 36.6197
32.5576 21.4709 20.2485 25 21.095 16.1245 16 11 21.2132 11.4018 17.088 17.8885 13.6015 12.53 31.0644 46.9574 38.0132 36.0555 23.3452 7.2111 37.9473 51.0882 0 12.1655 40.025 34.5398 32.249 43.3244 47.0425 38.2099 27.6586
38.4708 13.8924 11.4018 15 33.2415 28.2843 28.0713 23.0868 33.0151 23.0217 28.2843 28.6356 23.7697 23.3452 42.4853 55 49.2443 48.1664 29.6816 8.9443 50 63.0079 12.1655 0 46.0652 46.4866 44.4072 50.2494 50.9608 50.04 38.5876
7.6158 40.3113 42.5206 45.9674 38.8973 37.6563 39.6232 39.0512 43.6807 42.0476 45.5412 47.5184 47.0425 45.0444 27.8029 12.3693 27.8029 45.8039 16.7631 46.8402 38.1838 59.397 40.025 46.0652 0 34.7131 41.8808 5.3852 10.6301 51.8652 24.1868
32.2025 51.0882 51.3517 56.3205 15.5563 19.4165 20.6155 24.6982 19.4165 26.4008 24.8395 26.4008 29.6985 28.3196 7.2111 31.0161 9.0554 11.7047 29.7321 40.7063 4.1231 24.8395 34.5398 46.4866 34.7131 0 9 33.2866 45.3431 18.0278 12.083
38.2099 51.3517 51.0882 56.0803 11.1803 16.1245 16.4924 21.3776 13.0384 22.1359 18.868 20 24.1868 23.2594 14.3178 39.5601 18.0278 4.4721 33.8378 37.3631 8.9443 20.2485 32.249 44.4072 41.8808 9 0 41.1461 52.4309 10 17.8045
12.0416 45.2769 47.3814 50.9902 39.6232 39.0512 41.0488 41.1096 44.5533 44.1022 47.0425 49.0408 49.0918 47.0956 26.8328 7.0711 25.4951 44.7772 20.5913 50.3289 36.4005 57.4891 43.3244 50.2494 5.3852 33.2866 41.1461 0 13.4164 51 24.0416
15.5242 42.5441 45.1774 47.7074 48.8467 47.1275 49.0408 47.8539 53.4883 50.8035 54.8179 56.7539 55.7315 53.7587 38.4187 19.6469 38.2884 56.4004 24.0832 53.3385 48.7955 70.0071 47.0425 50.9608 10.6301 45.3431 52.4309 13.4164 0 62.426 34.6699
48.1664 58.6941 58.0517 62.9682 18.0278 22.8035 22.3607 27.2947 17.0294 27.0185 22.0907 22.3607 27.2947 27.074 24.1868 49.0408 26.9258 6.3246 43.4166 42.0476 16.1245 13.0384 38.2099 50.04 51.8652 18.0278 10 51 62.426 0 27.8029
20.5183 40.7922 41.4849 46.3249 16 16.7631 18.6815 20.5913 21 23.2594 24.5153 26.4764 27.8568 26 5.099 24 10.7703 21.9317 17.72 34.6554 16.1555 36.6197 27.6586 38.5876 24.1868 12.083 17.8045 24.0416 34.6699 27.8029 0
