304.14
13
0 911 0
0 919 0
0 910 0
0 909 0
0 914 0
195 315 0
174 294 0
255 375 0
37 157 0
105 225 0
0 932 0
0 934 0
308 428 0
0 38.0789 30.8058 39.3573 40.3113 35.3553 33.5261 39.2938 41.2311 37.7359 38.3275 17.1172 15.5242 20.5183
38.0789 0 10.4403 3 5 14.1421 48.1041 50.5371 51.4782 5.831 46.1411 48.9183 43.1393 50.01
30.8058 10.4403 0 10 10.198 7 37.6962 40.3113 41.3401 7.2801 36.0555 44.2041 39.1152 40.1995
39.3573 3 10 0 2 12.2066 47.1275 49.2443 50.0899 3.6056 44.7214 50.9313 45.2769 50.1597
40.3113 5 10.198 2 0 11.1803 46.5725 48.4665 49.2443 3 43.8634 52.3259 46.7547 50.3587
35.3553 14.1421 7 12.2066 11.1803 0 35.6931 37.3363 38.0789 8.6023 32.6956 49.93 45.1774 41.4849
33.5261 48.1041 37.6962 47.1275 46.5725 35.6931 0 6 8 43.6807 7.8102 49.6488 49.0408 18.6815
39.2938 50.5371 40.3113 49.2443 48.4665 37.3363 6 0 2 45.6946 5 55.5788 54.8179 24.5153
41.2311 51.4782 41.3401 50.0899 49.2443 38.0789 8 2 0 46.5188 5.3852 57.5587 56.7539 26.4764
37.7359 5.831 7.2801 3.6056 3 8.6023 43.6807 45.6946 46.5188 0 41.1461 50.2494 44.8219 47.3814
38.3275 46.1411 36.0555 44.7214 43.8634 32.6956 7.8102 5 5.3852 41.1461 0 55.0818 53.7587 26
17.1172 48.9183 44.2041 50.9313 52.3259 49.93 49.6488 55.5788 57.5587 50.2494 55.0818 0 6.3246 33.6155
15.5242 43.1393 39.1152 45.2769 46.7547 45.1774 49.0408 54.8179 56.7539 44.8219 53.7587 6.3246 0 34.6699
20.5183 50.01 40.1995 50.1597 50.3587 41.4849 18.6815 24.5153 26.4764 47.3814 26 33.6155 34.6699 0
