455.03
23
0 891 0
0 892 0
0 894 0
0 897 0
0 898 0
0 899 0
0 898 0
0 898 0
0 902 0
0 914 0
0 916 0
167 287 0
0 910 0
268 388 0
0 924 0
0 922 0
268 388 0
395 515 0
0 914 0
0 897 0
0 928 0
0 932 0
0 929 0
0 58.5235 57.0088 55.7136 52.2015 52 50.2892 51.0784 51.4782 47.4342 35.3412 33.541 29.1548 39.0512 25.2982 25.4951 27.4591 42.9418 27.0185 35.4683 52.4786 21.095 17.1172 20.6155
58.5235 0 5 3 7.0711 7 8.6023 8 11.1803 11.1803 23.5372 41.2311 30.4138 31.6228 33.2415 39.0512 47.4236 39.3573 38.0132 32.7567 37.5366 40.4969 42.0476 39.6232
57.0088 5 0 5.831 5 8.6023 7 9.434 14.1421 10 23 42.72 30 33.541 31.7805 36.0555 43.8634 41.8808 38.4708 34.176 41.0366 38.0132 40.1622 39.0512
55.7136 3 5.831 0 5.3852 4 6.4031 5 8.6023 8.6023 20.6155 38.3275 27.4591 28.7924 30.4631 36.7967 45.4533 36.7151 35.0143 29.8329 35.3553 38.0132 39.3573 36.6742
52.2015 7.0711 5 5.3852 0 5.3852 2 5.831 11.1803 5 18 38.0789 25 29.1548 26.9258 32.0156 40.3609 37.8021 33.541 29.5466 37.8021 33.6155 35.4683 34.0588
52 7 8.6023 4 5.3852 0 5 1 5.831 5.831 16.7631 34.4819 23.5372 25.0799 26.8328 33.9706 43.0116 33.2866 31.0161 25.9615 32.6497 34.8281 35.8469 32.7567
50.2892 8.6023 7 6.4031 2 5 0 5.099 10.4403 3 16 36.2491 23 27.4591 25 30.4795 39.0512 36.2353 31.5753 27.7308 36.6197 31.9061 33.6155 32.0624
51.0784 8 9.434 5 5.831 1 5.099 0 5.3852 5.3852 15.8114 33.5261 22.561 24.1661 25.9422 33.3017 42.4382 32.45 30.0167 25 32.0156 34.0588 34.9857 31.7805
51.4782 11.1803 14.1421 8.6023 11.1803 5.831 10.4403 5.3852 0 10 16.4012 30.4138 22.3607 20.6155 27.0185 36.0555 45.6508 28.178 28.2843 22.0907 26.9072 36.1248 36.2353 31.3847
47.4342 11.1803 10 8.6023 5 5.831 3 5.3852 10 0 13 33.541 20 25 22.1359 28.2843 37.2022 33.9706 28.6356 25.0599 34.9857 29.4109 30.8707 29.0689
35.3412 23.5372 23 20.6155 18 16.7631 16 15.8114 16.4012 13 0 22.6716 7 16.5529 10.6301 21.1896 31.3209 25.9422 16.1555 15 30.4138 20.2485 19.8494 16.1245
33.541 41.2311 42.72 38.3275 38.0789 34.4819 36.2491 33.5261 30.4138 33.541 22.6716 0 18.0278 10 23.7697 36.4005 45.7056 9.434 9.2195 8.544 19.2094 32.5576 28.0713 17.0294
29.1548 30.4138 30 27.4591 25 23.5372 23 22.561 22.3607 20 7 18.0278 0 15 7.0711 20 30.0666 23.5372 10 12.1655 30.0666 17.4642 15.2643 9.2195
39.0512 31.6228 33.541 28.7924 29.1548 25.0799 27.4591 24.1661 20.6155 25 16.5529 10 15 0 22.0227 35 45.0444 9.434 12.0416 3.6056 15.1327 32.249 29.1204 19.2354
25.2982 33.2415 31.7805 30.4631 26.9258 26.8328 25 25.9422 27.0185 22.1359 10.6301 23.7697 7.0711 22.0227 0 13.0384 23.0217 30.2655 14.7648 19.0263 37.1214 10.4403 9.2195 9.434
25.4951 39.0512 36.0555 36.7967 32.0156 33.9706 30.4795 33.3017 36.0555 28.2843 21.1896 36.4005 20 35 13.0384 0 10.198 43.2897 27.2029 32.0624 50.04 5 10.6301 20.1246
27.4591 47.4236 43.8634 45.4533 40.3609 43.0116 39.0512 42.4382 45.6508 37.2022 31.3209 45.7056 30.0666 45.0444 23.0217 10.198 0 53.0848 36.4966 42 60.1332 13.1529 18.0278 28.8617
42.9418 39.3573 41.8808 36.7151 37.8021 33.2866 36.2353 32.45 28.178 33.9706 25.9422 9.434 23.5372 9.434 30.2655 43.2897 53.0848 0 17.2627 11.4018 9.8995 40.0125 36.1248 25.318
27.0185 38.0132 38.4708 35.0143 33.541 31.0161 31.5753 30.0167 28.2843 28.6356 16.1555 9.2195 10 12.0416 14.7648 27.2029 36.4966 17.2627 0 8.4853 26 23.3452 19 8.0623
35.4683 32.7567 34.176 29.8329 29.5466 25.9615 27.7308 25 22.0907 25.0599 15 8.544 12.1655 3.6056 19.0263 32.0624 42 11.4018 8.4853 0 18.4391 29.0689 25.7099 15.6525
52.4786 37.5366 41.0366 35.3553 37.8021 32.6497 36.6197 32.0156 26.9072 34.9857 30.4138 19.2094 30.0666 15.1327 37.1214 50.04 60.1332 9.8995 26 18.4391 0 47.3814 44.1475 33.8378
21.095 40.4969 38.0132 38.0132 33.6155 34.8281 31.9061 34.0588 36.1248 29.4109 20.2485 32.5576 17.4642 32.249 10.4403 5 13.1529 40.0125 23.3452 29.0689 47.3814 0 5.6569 15.8114
17.1172 42.0476 40.1622 39.3573 35.4683 35.8469 33.6155 34.9857 36.2353 30.8707 19.8494 28.0713 15.2643 29.1204 9.2195 10.6301 18.0278 36.1248 19 25.7099 44.1475 5.6569 0 11.0454
20.6155 39.6232 39.0512 36.6742 34.0588 32.7567 32.0624 31.7805 31.3847 29.0689 16.1245 17.0294 9.2195 19.2354 9.434 20.1246 28.8617 25.318 8.0623 15.6525 33.8378 15.8114 11.0454 0
