760.47
27
674 734 0
401 461 0
535 622 0
138 273 0
78 339 0
132 375 0
252 359 0
50 530 0
71 208 0
655 778 0
377 857 0
531 736 0
405 465 0
629 689 0
197 257 0
39 316 0
298 358 0
613 730 0
817 942 0
332 497 0
164 644 0
310 507 0
389 449 0
311 526 0
457 937 0
789 928 0
338 398 0
0 36.0555 33.541 31.6228 57.0088 55.7136 52.2015 52 50.2892 51.4782 44.2041 40.6079 38.0789 20 14.1421 29.1548 39.0512 25.2982 10 7.61577 12.0416 35.4683 32.2025 38.2099 4.24264 12.0416 21.095 20.5183
36.0555 0 46.0977 41.2311 87.4643 87.6584 83.2166 84.4038 81.5414 85.1469 47.2652 45.0444 35.3553 30 22.3607 63.6396 75 58.1378 28.2843 42.638 36.4005 71.4003 56.0089 56.5685 37.1214 47.8017 49.6488 45.3982
33.541 46.0977 0 5 85 82.1523 80 78.1601 78 75.6637 75.8222 72.3464 67.2681 18.0278 32.0156 55 57.0088 54.4518 39.0512 38.8973 45.2769 54.3415 15.5563 11.1803 29.5466 39.6232 53.7587 16
31.6228 41.2311 5 0 85.1469 82.6075 80.1561 78.6384 78.1601 76.4853 72.6223 69.2026 63.6396 14.1421 28.2843 55.2268 58.5235 54.037 36.0555 37.6563 42.9535 55.6597 19.4165 16.1245 27.8927 39.0512 52.3927 16.7631
57.0088 87.4643 85 85.1469 0 5.831 5 8.6023 7 14.1421 57.3062 55.7584 64.0312 76.4853 69.6419 30 33.541 31.7805 60.4152 49.4773 51.4296 34.176 74.8131 83.7257 59.2284 46.5296 38.0132 69
55.7136 87.6584 82.1523 82.6075 5.831 0 5.3852 4 6.4031 8.6023 60.4152 58.5918 66.2873 74.7262 68.8767 27.4591 28.7924 30.4631 60.0333 48.1041 51.3128 29.8329 71.2531 80.2247 57.5674 44.643 38.0132 66.1891
52.2015 83.2166 80 80.1561 5 5.3852 0 5.3852 2 11.1803 55.0364 53.2353 61.0328 71.5891 65 25 29.1548 26.9258 55.9017 44.643 47.0106 29.5466 69.8713 78.7718 54.3415 41.5933 33.6155 64
52 84.4038 78.1601 78.6384 8.6023 4 5.3852 0 5 5.831 58.8727 56.8595 64.1405 70.8802 65.2993 23.5372 25.0799 26.8328 56.6039 44.3847 48.0104 25.9615 67.2681 76.2365 53.7587 40.8044 34.8281 62.2013
50.2892 81.5414 78 78.1601 7 6.4031 2 5 0 10.4403 54.231 52.3259 59.9083 69.6348 63.1585 23 27.4591 25 54.1202 42.72 45.2769 27.7308 67.897 76.7919 52.3927 39.6232 31.9061 62
51.4782 85.1469 75.6637 76.4853 14.1421 8.6023 11.1803 5.831 10.4403 0 62.6418 60.407 67.082 69.6419 65.192 22.3607 20.6155 27.0185 57.0088 43.909 48.8365 22.0907 64.0078 73.0068 52.8015 39.8121 36.1248 59.8415
44.2041 47.2652 75.8222 72.6223 57.3062 60.4152 55.0364 58.8727 54.231 62.6418 0 3.6056 12 58.6003 44.6542 50.04 65.0308 43.1045 36.7967 42.9418 32.45 62.1289 76.4003 82.134 48.4149 46.6154 33.541 64.6607
40.6079 45.0444 72.3464 69.2026 55.7584 58.5918 53.2353 56.8595 52.3259 60.407 3.6056 0 10.4403 55.2178 41.3401 47 62 40.0125 33.3017 39.3573 28.8444 59.0339 72.8011 78.5684 44.8219 43.0813 30.2655 61.0737
38.0789 35.3553 67.2681 63.6396 64.0312 66.2873 61.0328 64.1405 59.9083 67.082 12 10.4403 0 49.4975 35.3553 50.9902 65.7647 43.9318 29.1548 38.833 27.6586 62.514 69.8355 74.6324 42.0476 43.4166 33.541 57.8014
20 30 18.0278 14.1421 76.4853 74.7262 71.5891 70.8802 69.6348 69.6419 58.6003 55.2178 49.4975 0 14.1421 47.4342 54.0833 44.7214 22.3607 27.1662 30.0832 50.774 26.0192 27.2029 17.2627 30.0832 41.0488 16.1555
14.1421 22.3607 32.0156 28.2843 69.6419 68.8767 65 65.2993 63.1585 65.192 44.6542 41.3401 35.3553 14.1421 0 43.0116 53.1507 38.4708 10 21.4009 19.105 49.5782 37.108 40.2492 14.7648 26.1725 32.0156 25.318
29.1548 63.6396 55 55.2268 30 27.4591 25 23.5372 23 22.3607 50.04 47 50.9902 47.4342 43.0116 0 15 7.0711 35.3553 21.6333 28.0179 12.1655 45.3542 54.1295 30.4631 17.4642 17.4642 39
39.0512 75 57.0088 58.5235 33.541 28.7924 29.1548 25.0799 27.4591 20.6155 65.0308 62 65.7647 54.0833 53.1507 15 0 22.0227 47.1699 32.45 41.2311 3.6056 44.1814 53.1507 38.8973 27.2029 32.249 41.7852
25.2982 58.1378 54.4518 54.037 31.7805 30.4631 26.9258 26.8328 25 27.0185 43.1045 40.0125 43.9318 44.7214 38.4708 7.0711 22.0227 0 30 17.72 21.9317 19.0263 46.6154 55.0273 27.4591 15 10.4403 38.6394
10 28.2843 39.0512 36.0555 60.4152 60.0333 55.9017 56.6039 54.1202 57.0088 36.7967 33.3017 29.1548 22.3607 10 35.3553 47.1699 30 0 14.7648 9.2195 43.566 40.7063 45.607 13.3417 20.1246 22.4722 28.6531
7.6158 42.638 38.8973 37.6563 49.4773 48.1041 44.643 44.3847 42.72 43.909 42.9418 39.3573 38.833 27.1662 21.4009 21.6333 32.45 17.72 14.7648 0 11.1803 28.8444 34.7131 41.8808 10 5.3852 14.8661 24.1868
12.0416 36.4005 45.2769 42.9535 51.4296 51.3128 47.0106 48.0104 45.2769 48.8365 32.45 28.8444 27.6586 30.0832 19.105 28.0179 41.2311 21.9317 9.2195 11.1803 0 37.6962 44.0454 50.2494 16.2788 16 13.4164 32.5269
35.4683 71.4003 54.3415 55.6597 34.176 29.8329 29.5466 25.9615 27.7308 22.0907 62.1289 59.0339 62.514 50.774 49.5782 12.1655 3.6056 19.0263 43.566 28.8444 37.6962 0 42.0119 51.0098 35.3836 23.6008 29.0689 38.8973
32.2025 56.0089 15.5563 19.4165 74.8131 71.2531 69.8713 67.2681 67.897 64.0078 76.4003 72.8011 69.8355 26.0192 37.108 45.3542 44.1814 46.6154 40.7063 34.7131 44.0454 42.0119 0 9 28.0179 33.2866 48.8262 12.083
38.2099 56.5685 11.1803 16.1245 83.7257 80.2247 78.7718 76.2365 76.7919 73.0068 82.134 78.5684 74.6324 27.2029 40.2492 54.1295 53.1507 55.0273 45.607 41.8808 50.2494 51.0098 9 0 33.9706 41.1461 56.4358 17.8045
4.2426 37.1214 29.5466 27.8927 59.2284 57.5674 54.3415 53.7587 52.3927 52.8015 48.4149 44.8219 42.0476 17.2627 14.7648 30.4631 38.8973 27.4591 13.3417 10 16.2788 35.3836 28.0179 33.9706 0 13 24.5153 16.2788
12.0416 47.8017 39.6232 39.0512 46.5296 44.643 41.5933 40.8044 39.6232 39.8121 46.6154 43.0813 43.4166 30.0832 26.1725 17.4642 27.2029 15 20.1246 5.3852 16 23.6008 33.2866 41.1461 13 0 15.6205 24.0416
21.095 49.6488 53.7587 52.3927 38.0132 38.0132 33.6155 34.8281 31.9061 36.1248 33.541 30.2655 33.541 41.0488 32.0156 17.4642 32.249 10.4403 22.4722 14.8661 13.4164 29.0689 48.8262 56.4358 24.5153 15.6205 0 38.9102
20.5183 45.3982 16 16.7631 69 66.1891 64 62.2013 62 59.8415 64.6607 61.0737 57.8014 16.1555 25.318 39 41.7852 38.6394 28.6531 24.1868 32.5269 38.8973 12.083 17.8045 16.2788 24.0416 38.9102 0
