853.71
25
152 272 10
73 193 10
371 491 10
519 639 10
195 315 10
223 343 10
653 773 10
174 294 10
255 375 10
703 823 10
37 157 10
375 495 10
397 517 10
694 814 10
157 277 10
810 930 10
645 765 10
232 352 10
152 272 10
349 469 10
359 479 10
547 667 10
172 292 10
308 428 10
810 930 10
0 30.8058 40.3113 33.541 31.6228 33.5261 32.3883 38.0789 39.2938 41.2311 40.3113 37.7359 20 26.9258 26.9258 9.2195 19.6469 36.0555 57.0088 14.7648 32.2025 38.2099 48.1664 14.1421 20.5183 19.2354
30.8058 0 10.198 41.7612 37 37.6962 33.1059 43.4626 40.3113 41.3401 37.2022 7.2801 25.0799 50.636 16.5529 24.6982 14.3178 55.0364 72.0347 32.3883 51.0098 51.9711 59.7746 23.3452 40.1995 12.0416
40.3113 10.198 0 50.9902 46.0977 46.5725 41.7612 52.2015 48.4665 49.2443 44.7214 3 35 60.8276 25.4951 34.7851 21.9317 65 81.3941 42.5793 61.0082 61.5224 68.884 33.541 50.3587 21.095
33.541 41.7612 50.9902 0 5 5.3852 10.198 5 9.434 11.1803 14.1421 48.0521 18.0278 22.3607 25.4951 27.0185 42.2019 18.0278 30.4138 18.7883 15.5563 11.1803 18.0278 23.3452 16 38.2753
31.6228 37 46.0977 5 0 2 5.3852 7.0711 8 10 11.1803 43.1741 14.1421 25 20.6155 24.1868 38.2884 22.3607 35.3553 17.2627 19.4165 16.1245 22.8035 20 16.7631 34.2053
33.5261 37.6962 46.5725 5.3852 2 0 5 5.831 6 8 9.434 43.6807 15.6205 26.6271 21.1896 25.9422 39.6232 23.3238 35.1283 19.2354 20.6155 16.4924 22.3607 21.6333 18.6815 35.4683
32.3883 33.1059 41.7612 10.198 5.3852 5 0 10.4403 7.8102 9.434 8 38.8973 13 29.7321 16.5529 24.0416 36.1248 27.7308 40.1123 19.105 24.6982 21.3776 27.2947 19.3132 20.5913 31.8277
38.0789 43.4626 52.2015 5 7.0711 5.831 10.4403 0 5.831 7.0711 11.1803 49.3356 21.2132 26.9258 26.9258 31.0644 45.3431 21.2132 30 23.4094 19.4165 13.0384 17.0294 27.0185 21 41.2311
39.2938 40.3113 48.4665 9.434 8 6 7.8102 5.831 0 2 5.3852 45.6946 20.5913 31.7648 23.8537 31.3847 43.9318 26.9072 35.1283 25.1794 24.8395 18.868 22.0907 26.8328 24.5153 39.6232
41.2311 41.3401 49.2443 11.1803 10 8 9.434 7.0711 2 0 5 46.5188 22.3607 33.541 25 33.2415 45.4533 28.2843 35.3553 27.1662 26.4008 20 22.3607 28.6356 26.4764 41.1096
40.3113 37.2022 44.7214 14.1421 11.1803 9.434 8 11.1803 5.3852 5 0 42.0595 20.6155 36.0555 21.2132 31.7805 42.4382 32.0156 40.3113 27.074 29.6985 24.1868 27.2947 26.9258 27.8568 38.0132
37.7359 7.2801 3 48.0521 43.1741 43.6807 38.8973 49.3356 45.6946 46.5188 42.0595 0 32 57.8705 22.561 31.9531 19.8494 62 78.4474 39.6232 58.0086 58.5491 65.9697 30.5941 47.3814 18.6011
20 25.0799 35 18.0278 14.1421 15.6205 13 21.2132 20.5913 22.3607 20.6155 32 0 26.9258 11.1803 11.1803 24.2074 30 47.4342 9.8995 26.0192 27.2029 35.7771 6.3246 16.1555 20.2485
26.9258 50.636 60.8276 22.3607 25 26.6271 29.7321 26.9258 31.7648 33.541 36.0555 57.8705 26.9258 0 38.0789 27.0185 44.2832 11.1803 32.0156 18.2483 9.0554 18.0278 26.9258 27.2947 10.7703 42.0119
26.9258 16.5529 25.4951 25.4951 20.6155 21.1896 16.5529 26.9258 23.8537 25 21.2132 22.561 11.1803 38.0789 0 17.8885 21.9317 40.3113 55.9017 20.8087 36.4966 36.1248 43.4166 13.6015 27.313 17.4642
9.2195 24.6982 34.7851 27.0185 24.1868 25.9422 24.0416 31.0644 31.3847 33.2415 31.7805 31.9531 11.1803 27.0185 17.8885 0 17.4642 33.8378 53.7122 9.8489 29.7321 33.8378 43.4166 5 17.72 15
19.6469 14.3178 21.9317 42.2019 38.2884 39.6232 36.1248 45.3431 43.9318 45.4533 42.4382 19.8494 24.2074 44.2832 21.9317 17.4642 0 51.2445 70.6824 27.2029 47.1275 50.5371 59.6825 19.2354 35.171 4.4721
36.0555 55.0364 65 18.0278 22.3607 23.3238 27.7308 21.2132 26.9072 28.2843 32.0156 62 30 11.1803 40.3113 33.8378 51.2445 0 21.2132 24.0416 4.1231 8.9443 16.1245 32.5576 16.1555 48.2701
57.0088 72.0347 81.3941 30.4138 35.3553 35.1283 40.1123 30 35.1283 35.3553 40.3113 78.4474 47.4342 32.0156 55.9017 53.7122 70.6824 21.2132 0 43.909 24.8395 20.2485 13.0384 51.4782 36.6197 67.2309
14.7648 32.3883 42.5793 18.7883 17.2627 19.2354 19.105 23.4094 25.1794 27.1662 27.074 39.6232 9.8995 18.2483 20.8087 9.8489 27.2029 24.0416 43.909 0 19.9249 24.2074 33.9706 9.0554 8.0623 24.3311
32.2025 51.0098 61.0082 15.5563 19.4165 20.6155 24.6982 19.4165 24.8395 26.4008 29.6985 58.0086 26.0192 9.0554 36.4966 29.7321 47.1275 4.1231 24.8395 19.9249 0 9 18.0278 28.4429 12.083 44.1475
38.2099 51.9711 61.5224 11.1803 16.1245 16.4924 21.3776 13.0384 18.868 20 24.1868 58.5491 27.2029 18.0278 36.1248 33.8378 50.5371 8.9443 20.2485 24.2074 9 0 10 31.305 17.8045 47.0106
48.1664 59.7746 68.884 18.0278 22.8035 22.3607 27.2947 17.0294 22.0907 22.3607 27.2947 65.9697 35.7771 26.9258 43.4166 43.4166 59.6825 16.1245 13.0384 33.9706 18.0278 10 0 40.4969 27.8029 55.9464
14.1421 23.3452 33.541 23.3452 20 21.6333 19.3132 27.0185 26.8328 28.6356 26.9258 30.5941 6.3246 27.2947 13.6015 5 19.2354 32.5576 51.4782 9.0554 28.4429 31.305 40.4969 0 17 15.8114
20.5183 40.1995 50.3587 16 16.7631 18.6815 20.5913 21 24.5153 26.4764 27.8568 47.3814 16.1555 10.7703 27.313 17.72 35.171 16.1555 36.6197 8.0623 12.083 17.8045 27.8029 17 0 32.3883
19.2354 12.0416 21.095 38.2753 34.2053 35.4683 31.8277 41.2311 39.6232 41.1096 38.0132 18.6011 20.2485 42.0119 17.4642 15 4.4721 48.2701 67.2309 24.3311 44.1475 47.0106 55.9464 15.8114 32.3883 0
