893.21
35
92 332 10
40 280 10
477 717 10
621 861 10
664 904 10
469 709 10
561 801 10
427 667 10
43 283 10
218 458 10
36 276 10
269 509 10
316 556 10
33 273 10
157 397 10
37 277 10
664 904 10
447 687 10
497 737 10
662 902 10
198 438 10
506 746 10
208 448 10
181 421 10
27 267 10
585 825 10
660 900 10
702 942 10
295 535 10
335 575 10
653 893 10
299 539 10
659 899 10
332 572 10
248 488 10
0 30.8058 40.3113 35.0571 35.0571 45.2769 58.5235 51.0784 47.4342 43.0116 37.2022 36.0555 40.3113 30.8058 33.541 35.3412 37.7359 45.0444 35.3412 18.0278 47.1699 15.8114 13.0384 25.2982 25.4951 27.4591 36.0555 49.98 7.6158 12.0416 27.0185 52.4786 4.2426 12.0416 17.1172 20.5183
30.8058 0 10.198 63.2456 62.0967 71.1969 85.7555 79.0569 74.6257 44.1475 40.3113 38.3275 39.2938 36 33.3766 33.7343 7.2801 72.8011 64.0312 48.8262 65.3758 25.0799 42.4853 53.4135 47.4236 42.2019 55.0364 72.0069 37.5366 31.9061 57.8014 83.2166 31.7648 42.638 44.2041 40.1995
40.3113 10.198 0 73.3757 72.2772 81.3941 93.0054 86.6833 82.0061 45 42.2966 40.3113 40 39.2938 35.3553 35.1283 3 82.9699 72.1388 58.3095 75.1665 32.0156 52.3927 61.5224 54.0833 47.4236 65 82.0549 46.6154 39.6232 67.1193 92.7847 41.6293 51.8652 52.3259 50.3587
35.0571 63.2456 73.3757 0 4 12.2066 55.0818 47.4342 47.4236 73.6817 68.0074 67.4463 72.2772 62.0967 66.2873 68.2495 70.5195 10 36.0555 21.5407 27.4591 50.0899 22.0227 34.8281 46.1411 54.231 22.561 22.4722 32.3883 43.566 20.5183 26.9258 32.3883 27.8927 36.2491 25.6125
35.0571 62.0967 72.2772 4 0 10.4403 58.9406 51.2445 51.0784 75.0267 69.2892 68.6222 73.3757 63.2456 67.1863 69.1231 69.3758 10.7703 39.4462 23.3238 23.5372 50.4876 22.2036 37.4833 48.2597 55.9017 18.6815 19.2094 33.2415 44.3847 23.6008 30.6757 32.0156 29.1548 38.0789 23.3238
45.2769 71.1969 81.3941 12.2066 10.4403 0 65 57.6975 58.3095 85.44 79.712 79.0569 83.8153 73.6817 77.6209 79.555 78.4474 7 47.634 33.541 20.6155 60.8276 32.5576 47.0106 58.3095 66.2118 21.2132 12.1655 43.6807 54.8179 32.5576 32 42.0476 39.5601 48.3011 31.3209
58.5235 85.7555 93.0054 55.0818 58.9406 65 0 8 11.1803 62.6498 59.9083 61.0328 65.192 58.258 64.0312 65.6049 91.2634 58.6003 23.5372 45.2769 82.4621 61.0328 54.4518 33.2415 39.0512 47.4236 75.6637 76.896 50.9215 53.8516 38.0132 37.5366 60.4401 47.5395 42.0476 69.1809
51.0784 79.0569 86.6833 47.4342 51.2445 57.6975 8 0 5.3852 59.2368 55.9017 56.8243 61.2699 53.535 59.3633 61.0574 84.8116 51.4782 15.8114 37.3363 74.7262 54.6717 46.5296 25.9422 33.3017 42.4382 67.7422 69.4622 43.4626 47.2017 30.0167 32.0156 52.811 39.8497 34.9857 61.2046
47.4342 74.6257 82.0061 47.4236 51.0784 58.3095 11.1803 5.3852 0 53.8516 50.5371 51.4782 55.9017 48.2597 54.0833 55.7584 80.2122 52.4309 13 35 74.3303 50 44.0454 22.1359 28.2843 37.2022 66.7083 69.7711 39.8497 42.72 28.6356 34.9857 49.4773 36.6742 30.8707 59
43.0116 44.1475 45 73.6817 75.0267 85.44 62.6498 59.2368 53.8516 0 5.831 7.0711 5 12.2066 11.1803 10.4403 45.0999 83.2406 50.4876 52.2015 90.1388 28.2843 53.6656 43.0116 30 20.0998 79.0569 92.1303 42.0476 31.3847 56.5685 80.025 47.2017 45.8803 37.855 63.4114
37.2022 40.3113 42.2966 68.0074 69.2892 79.712 59.9083 55.9017 50.5371 5.831 0 2 5.3852 6.4031 7 7.2801 42.0476 77.6209 46.0977 46.5725 84.3149 22.6716 47.8539 38.0526 25.1794 15.0333 73.2393 86.3134 36.2491 25.5539 51.2445 75.1665 41.4005 40.1622 32.3883 57.6281
36.0555 38.3275 40.3113 67.4463 68.6222 79.0569 61.0328 56.8243 51.4782 7.0711 2 0 5 5.3852 5 5.3852 40.05 77.1298 46.5725 46.0977 83.2166 21.2132 47.0106 38.2099 25.4951 15.2971 72.111 85.4283 35.4683 24.5967 51.0882 75.326 40.2244 39.5601 32.1403 56.4004
40.3113 39.2938 40 72.2772 73.3757 83.8153 65.192 61.2699 55.9017 5 5.3852 5 0 10.198 7.0711 5.831 40.1123 82 51.4198 50.9902 87.4643 25 51.6236 43.1856 30.4138 20.2237 76.3217 89.9611 40.1622 29.1548 56.0803 80.3057 44.4185 44.3847 37.1214 60.4649
30.8058 36 39.2938 62.0967 63.2456 73.6817 58.258 53.535 48.2597 12.2066 6.4031 5.3852 10.198 0 5.831 7.6158 38.6394 71.8053 42.3792 40.7922 77.9359 16.4012 41.6293 33.541 21.1896 11.1803 66.8506 80.0562 30.0832 19.2354 46.0109 70.5762 35 34.2053 27.0185 51.225
33.541 33.3766 35.3553 66.2873 67.1863 77.6209 64.0312 59.3633 54.0833 11.1803 7 5 7.0711 5.831 0 2 35.0571 76.1183 48.1041 45.2769 80.6226 18.0278 45.2217 39.0512 26.9258 17 69.4622 83.3847 33.9559 22.8035 51.0392 75.9539 37.5899 38.4708 32.0624 53.535
35.3412 33.7343 35.1283 68.2495 69.1231 79.555 65.6049 61.0574 55.7584 10.4403 7.2801 5.3852 5.831 7.6158 2 0 35 78.0897 49.98 47.2652 82.365 19.7231 47.1275 41 28.7924 18.7883 71.1969 85.235 35.9026 24.7386 53.0377 77.9295 39.3573 40.4475 34.0588 55.2268
37.7359 7.2801 3 70.5195 69.3758 78.4474 91.2634 84.8116 80.2122 45.0999 42.0476 40.05 40.1123 38.6394 35.0571 35 0 80.0812 70.0928 55.7584 72.1734 30.2324 49.6588 59.4643 52.4786 46.2385 62 79.0569 44.2041 37.6431 64.6375 90.2109 38.9102 49.4065 50.2494 47.3814
45.0444 72.8011 82.9699 10 10.7703 7 58.6003 51.4782 52.4309 83.2406 77.6209 77.1298 82 71.8053 76.1183 78.0897 80.0812 0 42.4264 31.0483 27.4591 60.075 32.0156 43.0465 55.0364 63.5689 26.6271 19.105 42.2966 53.4603 28.3019 25 42.2966 37.6563 45.5412 34
35.3412 64.0312 72.1388 36.0555 39.4462 47.634 23.5372 15.8114 13 50.4876 46.0977 46.5725 51.4198 42.3792 48.1041 49.98 70.0928 42.4264 0 22 62.2415 40.3609 31.0644 10.6301 21.1896 31.3209 54.1202 58.5235 27.7308 32.5269 16.1555 30.4138 37 24.0416 19.8494 46
18.0278 48.8262 58.3095 21.5407 23.3238 33.541 45.2769 37.3363 35 52.2015 46.5725 46.0977 50.9902 40.7922 45.2769 47.2652 55.7584 31.0483 22 0 43.0116 30.4138 9.2195 15.6525 25 32.6956 33.541 41.8688 12.3693 23.0217 9.2195 34.4819 17.6918 7.0711 14.7648 24
47.1699 65.3758 75.1665 27.4591 23.5372 20.6155 82.4621 74.7262 74.3303 90.1388 84.3149 83.2166 87.4643 77.9359 80.6226 82.365 72.1734 27.4591 62.2415 43.0116 0 62.6498 37.4833 58.5235 67.2681 73 11.1803 10.6301 48.9183 58.8218 46.0977 52.2398 43.0465 46.6905 56.6392 27.313
15.8114 25.0799 32.0156 50.0899 50.4876 60.8276 61.0328 54.6717 50 28.2843 22.6716 21.2132 25 16.4012 18.0278 19.7231 30.2324 60.075 40.3609 30.4138 62.6498 0 28.2843 29.8329 22.3607 18 51.4782 65.7875 18.1108 8.0623 37.9473 63.9062 19.6977 23.3452 20.8087 35.5106
13.0384 42.4853 52.3927 22.0227 22.2036 32.5576 54.4518 46.5296 44.0454 53.6656 47.8539 47.0106 51.6236 41.6293 45.2217 47.1275 49.6588 32.0156 31.0644 9.2195 37.4833 28.2843 0 23.5372 30 35.609 27.0185 38.4708 11.6619 22.4722 17.8885 41.2311 10.7703 9.434 19.4165 15.1327
25.2982 53.4135 61.5224 34.8281 37.4833 47.0106 33.2415 25.9422 22.1359 43.0116 38.0526 38.2099 43.1856 33.541 39.0512 41 59.4643 43.0465 10.6301 15.6525 58.5235 29.8329 23.5372 0 13.0384 23.0217 49.1935 56.5862 17.72 21.9317 14.7648 37.1214 27.4591 15 9.2195 38.6394
25.4951 47.4236 54.0833 46.1411 48.2597 58.3095 39.0512 33.3017 28.2843 30 25.1794 25.4951 30.4138 21.1896 26.9258 28.7924 52.4786 55.0364 21.1896 25 67.2681 22.3607 30 13.0384 0 10.198 57.0088 66.8431 19.6977 16.2788 27.2029 50.04 29.1204 20.6155 10.6301 43.8292
27.4591 42.2019 47.4236 54.231 55.9017 66.2118 47.4236 42.4382 37.2022 20.0998 15.0333 15.2971 20.2237 11.1803 17 18.7883 46.2385 63.5689 31.3209 32.6956 73 18 35.609 23.0217 10.198 0 62.2415 73.7835 24.0832 15.6525 36.4966 60.1332 31.6228 26.9258 18.0278 47.634
36.0555 55.0364 65 22.561 18.6815 21.2132 75.6637 67.7422 66.7083 79.0569 73.2393 72.111 76.3217 66.8506 69.4622 71.1969 62 26.6271 54.1202 33.541 11.1803 51.4782 27.0185 49.1935 57.0088 62.2415 0 17.2627 38.1838 47.8017 38.0789 49.3356 31.9061 36.4005 46.4004 16.1555
49.98 72.0069 82.0549 22.4722 19.2094 12.1655 76.896 69.4622 69.7711 92.1303 86.3134 85.4283 89.9611 80.0562 83.3847 85.235 79.0569 19.105 58.5235 41.8688 10.6301 65.7875 38.4708 56.5862 66.8431 73.7835 17.2627 0 50.1199 60.8358 42.8019 44.0454 46.1736 46.8722 56.4004 32.1403
7.6158 37.5366 46.6154 32.3883 33.2415 43.6807 50.9215 43.4626 39.8497 42.0476 36.2491 35.4683 40.1622 30.0832 33.9559 35.9026 44.2041 42.2966 27.7308 12.3693 48.9183 18.1108 11.6619 17.72 19.6977 24.0832 38.1838 50.1199 0 11.1803 20.5913 46.5188 10 5.3852 10.0499 24.1868
12.0416 31.9061 39.6232 43.566 44.3847 54.8179 53.8516 47.2017 42.72 31.3847 25.5539 24.5967 29.1548 19.2354 22.8035 24.7386 37.6431 53.4603 32.5269 23.0217 58.8218 8.0623 22.4722 21.9317 16.2788 15.6525 47.8017 60.8358 11.1803 0 30.0832 55.9732 16.2788 16 12.8062 32.5269
27.0185 57.8014 67.1193 20.5183 23.6008 32.5576 38.0132 30.0167 28.6356 56.5685 51.2445 51.0882 56.0803 46.0109 51.0392 53.0377 64.6375 28.3019 16.1555 9.2195 46.0977 37.9473 17.8885 14.7648 27.2029 36.4966 38.0789 42.8019 20.5913 30.0832 0 26 26.9072 15.2643 19 31.5753
52.4786 83.2166 92.7847 26.9258 30.6757 32 37.5366 32.0156 34.9857 80.025 75.1665 75.326 80.3057 70.5762 75.9539 77.9295 90.2109 25 30.4138 34.4819 52.2398 63.9062 41.2311 37.1214 50.04 60.1332 49.3356 44.0454 46.5188 55.9732 26 0 51.614 41.1461 44.1475 50.8035
4.2426 31.7648 41.6293 32.3883 32.0156 42.0476 60.4401 52.811 49.4773 47.2017 41.4005 40.2244 44.4185 35 37.5899 39.3573 38.9102 42.2966 37 17.6918 43.0465 19.6977 10.7703 27.4591 29.1204 31.6228 31.9061 46.1736 10 16.2788 26.9072 51.614 0 13 20.025 16.2788
12.0416 42.638 51.8652 27.8927 29.1548 39.5601 47.5395 39.8497 36.6742 45.8803 40.1622 39.5601 44.3847 34.2053 38.4708 40.4475 49.4065 37.6563 24.0416 7.0711 46.6905 23.3452 9.434 15 20.6155 26.9258 36.4005 46.8722 5.3852 16 15.2643 41.1461 13 0 10 24.0416
17.1172 44.2041 52.3259 36.2491 38.0789 48.3011 42.0476 34.9857 30.8707 37.855 32.3883 32.1403 37.1214 27.0185 32.0624 34.0588 50.2494 45.5412 19.8494 14.7648 56.6392 20.8087 19.4165 9.2195 10.6301 18.0278 46.4004 56.4004 10.0499 12.8062 19 44.1475 20.025 10 0 33.6155
20.5183 40.1995 50.3587 25.6125 23.3238 31.3209 69.1809 61.2046 59 63.4114 57.6281 56.4004 60.4649 51.225 53.535 55.2268 47.3814 34 46 24 27.313 35.5106 15.1327 38.6394 43.8292 47.634 16.1555 32.1403 24.1868 32.5269 31.5753 50.8035 16.2788 24.0416 33.6155 0
