596.21
29
388 911 10
30 546 10
353 708 10
40 630 10
228 667 10
161 558 10
229 624 10
410 905 10
43 617 10
410 823 10
114 561 10
36 658 10
191 586 10
201 670 10
33 568 10
429 838 10
49 504 10
37 597 10
239 630 10
448 873 10
9 510 10
27 622 10
135 556 10
190 659 10
215 608 10
90 549 10
373 928 10
418 825 10
14 499 10
0 38.0789 30.8058 39.3573 40.3113 33.3017 35.3553 39.0512 44.2041 43.0116 40.6079 37.2022 36.0555 40.3113 30.8058 33.541 38.0789 35.3412 37.7359 20 18.0278 9.2195 27.4591 39.2938 32.5576 38.4708 17.8885 21.095 15.5242 14.1421
38.0789 0 10.4403 3 5 12.2066 14.1421 11.1803 42 40 40.1123 37.3363 35.3553 35 34.4819 30.4138 30 30.1496 5.831 35.3553 39.0512 33.541 42.9418 33.9706 33.6155 25.4951 27.0185 48.8365 43.1393 33.0151
30.8058 10.4403 0 10 10.198 4 7 8.6023 46.0977 44.1475 43.566 40.3113 38.3275 39.2938 36 33.3766 34.4819 33.7343 7.2801 25.0799 36.2491 24.6982 42.2019 25 23.6008 17.4642 17.1172 45.2769 39.1152 23.3452
39.3573 3 10 0 2 10.7703 12.2066 8.6023 45 43 43.1045 40.3113 38.3275 38 37.3631 33.3766 33 33.1361 3.6056 35.0571 41.4005 34.2053 45.618 32.0156 32.2025 23.3452 27.074 51.0882 45.2769 33.2415
40.3113 5 10.198 2 0 10.198 11.1803 7.0711 47 45 45.0999 42.2966 40.3113 40 39.2938 35.3553 35 35.1283 3 35 43.0116 34.7851 47.4236 30.8058 31.3847 22.0227 27.2947 52.6308 46.7547 33.541
33.3017 12.2066 4 10.7703 10.198 0 3 5.831 50.01 48.0521 47.5184 44.2832 42.2966 43.1741 40 37.3363 38.3275 37.6563 7.2801 25.0799 39.9249 26.4197 46.0977 21.9317 21.4709 13.8924 18.0278 48.7647 42.5441 24.3516
35.3553 14.1421 7 12.2066 11.1803 3 0 5 52.9528 50.9902 50.4876 47.2652 45.2769 46.0977 43 40.3113 41.2311 40.6079 8.6023 25.4951 42.72 28.0179 49.0306 19.8494 20.2485 11.4018 19.2354 51.4296 45.1774 25.4951
39.0512 11.1803 8.6023 8.6023 7.0711 5.831 5 0 52.2398 50.2494 50.04 47 45 45.2769 43.2897 40 40.3113 40.05 5.3852 30.4138 44.7214 32.249 50.2892 23.8537 25 15 23.7697 53.8516 47.7074 30.0832
44.2041 42 46.0977 45 47 50.01 52.9528 52.2398 0 2 3.6056 7.0711 8.6023 7 13.4536 13 12 12.3693 47.0956 58.6003 27.7308 48.8365 20.3961 69.6419 65.7419 63.3246 50.774 33.541 33.2415 52.6308
43.0116 40 44.1475 43 45 48.0521 50.9902 50.2494 2 0 3 5.831 7.0711 5 12.2066 11.1803 10 10.4403 45.0999 57.0088 26.9258 47.3814 20.0998 67.7791 63.9531 61.4003 49.0918 33.2415 32.573 51.0882
40.6079 40.1123 43.566 43.1045 45.0999 47.5184 50.4876 50.04 3.6056 3 0 3.6056 5.3852 5.831 9.8995 10.198 10.4403 10 45 55.2178 24.1661 45.3431 17.1172 66.7308 62.6498 60.6383 47.5079 30.2655 29.7321 49.2037
37.2022 37.3363 40.3113 40.3113 42.2966 44.2832 47.2652 47 7.0711 5.831 3.6056 0 2 5.3852 6.4031 7 8.6023 7.2801 42.0476 51.614 21.1896 41.7732 15.0333 63.2456 59.0931 57.2713 43.909 28.0179 26.9258 45.607
36.0555 35.3553 38.3275 38.3275 40.3113 42.2966 45.2769 45 8.6023 7.0711 5.3852 2 0 5 5.3852 5 7.0711 5.3852 40.05 50 20.6155 40.3113 15.2971 61.3514 57.2713 55.3173 42.19 28.0179 26.4764 44.0454
40.3113 35 39.2938 38 40 43.1741 46.0977 45.2769 7 5 5.831 5.3852 5 0 10.198 7.0711 5 5.831 40.1123 53.1507 25.4951 43.9318 20.2237 63.1585 59.5399 56.6127 45 33.0151 31.4006 47.3814
30.8058 34.4819 36 37.3631 39.2938 40 43 43.2897 13.4536 12.2066 9.8995 6.4031 5.3852 10.198 0 5.831 10.4403 7.6158 38.6394 45.4863 15.2971 35.4683 11.1803 57.9741 53.4883 52.469 38.0132 23.1948 21.2132 39.4081
33.541 30.4138 33.3766 33.3766 35.3553 37.3363 40.3113 40 13 11.1803 10.198 7 5 7.0711 5.831 0 5 2 35.0571 46.0977 20 36.8782 17 56.648 52.7731 50.448 38.0132 28.6356 26 40.3113
38.0789 30 34.4819 33 35 38.3275 41.2311 40.3113 12 10 10.4403 8.6023 7.0711 5 10.4403 5 0 3 35.1283 49.4975 25 40.8044 21.5407 58.6003 55.2268 51.8652 41.1096 33.541 31 43.9318
35.3412 30.1496 33.7343 33.1361 35.1283 37.6563 40.6079 40.05 12.3693 10.4403 10 7.2801 5.3852 5.831 7.6158 2 3 0 35 47.4236 22 38.4187 18.7883 57.3847 53.7122 50.9608 39.2046 30.5941 28 41.7253
37.7359 5.831 7.2801 3.6056 3 7.2801 8.6023 5.3852 47.0956 45.0999 45 42.0476 40.05 40.1123 38.6394 35.0571 35.1283 35 0 32 41.3401 31.9531 46.2385 28.4253 28.6356 19.799 24.3311 50.8035 44.8219 30.5941
20 35.3553 25.0799 35.0571 35 25.0799 25.4951 30.4138 58.6003 57.0088 55.2178 51.614 50 53.1507 45.4863 46.0977 49.4975 47.4236 32 0 36.4005 11.1803 45.5412 20.5913 13.4164 22.8035 8.9443 41.0488 35.2278 6.3246
18.0278 39.0512 36.2491 41.4005 43.0116 39.9249 42.72 44.7214 27.7308 26.9258 24.1661 21.1896 20.6155 25.4951 15.2971 20 25 22 41.3401 36.4005 0 25.2982 9.434 53 47.1699 49.6488 31.0644 10 6 30.0832
9.2195 33.541 24.6982 34.2053 34.7851 26.4197 28.0179 32.249 48.8365 47.3814 45.3431 41.7732 40.3113 43.9318 35.4683 36.8782 40.8044 38.4187 31.9531 11.1803 25.2982 0 34.5398 30.0832 23.3452 29.6816 9.2195 30 24.0832 5
27.4591 42.9418 42.2019 45.618 47.4236 46.0977 49.0306 50.2892 20.3961 20.0998 17.1172 15.0333 15.2971 20.2237 11.1803 17 21.5407 18.7883 46.2385 45.5412 9.434 34.5398 0 61.2046 55.7315 57.0789 39.6232 13.1529 13.6015 39.2173
39.2938 33.9706 25 32.0156 30.8058 21.9317 19.8494 23.8537 69.6419 67.7791 66.7308 63.2456 61.3514 63.1585 57.9741 56.648 58.6003 57.3847 28.4253 20.5913 53 30.0832 61.2046 0 7.2111 8.9443 22.0907 59.5399 53.3385 25.2982
32.5576 33.6155 23.6008 32.2025 31.3847 21.4709 20.2485 25 65.7419 63.9531 62.6498 59.0931 57.2713 59.5399 53.4883 52.7731 55.2268 53.7122 28.6356 13.4164 47.1699 23.3452 55.7315 7.2111 0 12.1655 16.1245 53.1507 47.0425 18.4391
38.4708 25.4951 17.4642 23.3452 22.0227 13.8924 11.4018 15 63.3246 61.4003 60.6383 57.2713 55.3173 56.6127 52.469 50.448 51.8652 50.9608 19.799 22.8035 49.6488 29.6816 57.0789 8.9443 12.1655 0 20.5913 57.28 50.9608 25.6125
17.8885 27.0185 17.1172 27.074 27.2947 18.0278 19.2354 23.7697 50.774 49.0918 47.5079 43.909 42.19 45 38.0132 38.0132 41.1096 39.2046 24.3311 8.9443 31.0644 9.2195 39.6232 22.0907 16.1245 20.5913 0 37.4833 31.257 6.3246
21.095 48.8365 45.2769 51.0882 52.6308 48.7647 51.4296 53.8516 33.541 33.2415 30.2655 28.0179 28.0179 33.0151 23.1948 28.6356 33.541 30.5941 50.8035 41.0488 10 30 13.1529 59.5399 53.1507 57.28 37.4833 0 6.3246 35
15.5242 43.1393 39.1152 45.2769 46.7547 42.5441 45.1774 47.7074 33.2415 32.573 29.7321 26.9258 26.4764 31.4006 21.2132 26 31 28 44.8219 35.2278 6 24.0832 13.6015 53.3385 47.0425 50.9608 31.257 6.3246 0 29.0689
14.1421 33.0151 23.3452 33.2415 33.541 24.3516 25.4951 30.0832 52.6308 51.0882 49.2037 45.607 44.0454 47.3814 39.4081 40.3113 43.9318 41.7253 30.5941 6.3246 30.0832 5 39.2173 25.2982 18.4391 25.6125 6.3246 35 29.0689 0
