853.71
31
673 793 10
152 272 10
471 591 10
644 764 10
73 193 10
388 508 10
300 420 10
367 487 10
223 343 10
255 375 10
657 777 10
43 163 10
557 677 10
64 184 10
33 153 10
574 694 10
37 157 10
489 609 10
375 495 10
601 721 10
694 814 10
157 277 10
810 930 10
286 406 10
365 485 10
352 472 10
152 272 10
260 380 10
562 682 10
172 292 10
810 930 10
0 38.0789 30.8058 39.3573 36.0555 40.3113 33.3017 35.3553 39.0512 32.3883 41.2311 44.2041 43.0116 40.6079 36.0555 33.541 38.0789 37.7359 37.2022 20 18.0278 26.9258 9.21954 19.6469 39.2938 32.5576 38.4708 14.7648 17.8885 15.5242 14.1421 19.2354
38.0789 0 10.4403 3 7.0711 5 12.2066 14.1421 11.1803 43.4626 51.4782 42 40 40.1123 35.3553 30.4138 30 5.831 8.6023 35.3553 39.0512 26.9258 33.541 18.868 33.9706 33.6155 25.4951 42.0476 27.0185 43.1393 33.0151 18.9737
30.8058 10.4403 0 10 5.3852 10.198 4 7 8.6023 33.1059 41.3401 46.0977 44.1475 43.566 38.3275 33.3766 34.4819 7.2801 6.4031 25.0799 36.2491 16.5529 24.6982 14.3178 25 23.6008 17.4642 32.3883 17.1172 39.1152 23.3452 12.0416
39.3573 3 10 0 5.3852 2 10.7703 12.2066 8.6023 42.3792 50.0899 45 43 43.1045 38.3275 33.3766 33 3.6056 6.4031 35.0571 41.4005 25.9615 34.2053 20.6155 32.0156 32.2025 23.3452 42.2966 27.074 45.2769 33.2415 20.1246
36.0555 7.0711 5.3852 5.3852 0 5 5.3852 7.0711 5 37 44.7214 47.2652 45.2769 45.0444 40 35 35.3553 2 2 30 40.3113 20.6155 30.0832 18.6011 26.9072 26.8328 18.4391 37.6563 22.3607 43.6005 28.6356 17.0294
40.3113 5 10.198 2 5 0 10.198 11.1803 7.0711 41.7612 49.2443 47 45 45.0999 40.3113 35.3553 35 3 5.3852 35 43.0116 25.4951 34.7851 21.9317 30.8058 31.3847 22.0227 42.5793 27.2947 46.7547 33.541 21.095
33.3017 12.2066 4 10.7703 5.3852 10.198 0 3 5.831 31.6228 39.3573 50.01 48.0521 47.5184 42.2966 37.3363 38.3275 7.2801 5 25.0799 39.9249 15.2971 26.4197 18.0278 21.9317 21.4709 13.8924 33.2415 18.0278 42.5441 24.3516 15.2643
35.3553 14.1421 7 12.2066 7.0711 11.1803 3 0 5 30.8058 38.0789 52.9528 50.9902 50.4876 45.2769 40.3113 41.2311 8.6023 5.831 25.4951 42.72 15 28.0179 20.8806 19.8494 20.2485 11.4018 34.176 19.2354 45.1774 25.4951 17.8885
39.0512 11.1803 8.6023 8.6023 5 7.0711 5.831 5 0 35.6931 42.72 52.2398 50.2494 50.04 45 40 40.3113 5.3852 3 30.4138 44.7214 20 32.249 22.8254 23.8537 25 15 38.8973 23.7697 47.7074 30.0832 20.6155
32.3883 43.4626 33.1059 42.3792 37 41.7612 31.6228 30.8058 35.6931 0 9.434 71.2811 69.6348 67.9559 62.6817 58.6003 61.7171 38.8973 36.4005 13 49.3356 16.5529 24.0416 36.1248 16.1555 11 23.0868 19.105 20.6155 47.8539 19.3132 31.8277
41.2311 51.4782 41.3401 50.0899 44.7214 49.2443 39.3573 38.0789 42.72 9.434 0 80.7094 79.0569 77.3886 72.111 68.0074 71.0634 46.5188 43.8634 22.3607 58.5235 25 33.2415 45.4533 20.0998 17.8885 28.6356 27.1662 30 56.7539 28.6356 41.1096
44.2041 42 46.0977 45 47.2652 47 50.01 52.9528 52.2398 71.2811 80.7094 0 2 3.6056 8.6023 13 12 47.0956 49.2544 58.6003 27.7308 57.6975 48.8365 35.7771 69.6419 65.7419 63.3246 58 50.774 33.2415 52.6308 40.2492
43.0116 40 44.1475 43 45.2769 45 48.0521 50.9902 50.2494 69.6348 79.0569 2 0 3 7.0711 11.1803 10 45.0999 47.2652 57.0088 26.9258 55.9017 47.3814 34 67.7791 63.9531 61.4003 56.6392 49.0918 32.573 51.0882 38.4708
40.6079 40.1123 43.566 43.1045 45.0444 45.0999 47.5184 50.4876 50.04 67.9559 77.3886 3.6056 3 0 5.3852 10.198 10.4403 45 47.0425 55.2178 24.1661 54.626 45.3431 32.6956 66.7308 62.6498 60.6383 54.4518 47.5079 29.7321 49.2037 37.1618
36.0555 35.3553 38.3275 38.3275 40 40.3113 42.2966 45.2769 45 62.6817 72.111 8.6023 7.0711 5.3852 0 5 7.0711 40.05 42 50 20.6155 49.2443 40.3113 27.313 61.3514 57.2713 55.3173 49.5782 42.19 26.4764 44.0454 31.7805
33.541 30.4138 33.3766 33.3766 35 35.3553 37.3363 40.3113 40 58.6003 68.0074 13 11.1803 10.198 5 0 5 35.0571 37 46.0977 20 44.7214 36.8782 22.8254 56.648 52.7731 50.448 46.4004 38.0132 26 40.3113 27.2947
38.0789 30 34.4819 33 35.3553 35 38.3275 41.2311 40.3113 61.7171 71.0634 12 10 10.4403 7.0711 5 0 35.1283 37.3363 49.4975 25 47.1699 40.8044 25.6125 58.6003 55.2268 51.8652 50.4777 41.1096 31 43.9318 30
37.7359 5.831 7.2801 3.6056 2 3 7.2801 8.6023 5.3852 38.8973 46.5188 47.0956 45.0999 45 40.05 35.0571 35.1283 0 2.8284 32 41.3401 22.561 31.9531 19.8494 28.4253 28.6356 19.799 39.6232 24.3311 44.8219 30.5941 18.6011
37.2022 8.6023 6.4031 6.4031 2 5.3852 5 5.831 3 36.4005 43.8634 49.2544 47.2652 47.0425 42 37 37.3363 2.8284 0 30.0666 42.0595 20.2237 30.8707 20.2485 25.6125 26 16.9706 38.0789 22.8035 45.2217 29.1204 18.3848
20 35.3553 25.0799 35.0571 30 35 25.0799 25.4951 30.4138 13 22.3607 58.6003 57.0088 55.2178 50 46.0977 49.4975 32 30.0666 0 36.4005 11.1803 11.1803 24.2074 20.5913 13.4164 22.8035 9.8995 8.9443 35.2278 6.3246 20.2485
18.0278 39.0512 36.2491 41.4005 40.3113 43.0116 39.9249 42.72 44.7214 49.3356 58.5235 27.7308 26.9258 24.1661 20.6155 20 25 41.3401 42.0595 36.4005 0 40 25.2982 21.9317 53 47.1699 49.6488 32.7567 31.0644 6 30.0832 25
26.9258 26.9258 16.5529 25.9615 20.6155 25.4951 15.2971 15 20 16.5529 25 57.6975 55.9017 54.626 49.2443 44.7214 47.1699 22.561 20.2237 11.1803 40 0 17.8885 21.9317 13 8.0623 12.0416 20.8087 9.2195 40.4475 13.6015 17.4642
9.2195 33.541 24.6982 34.2053 30.0832 34.7851 26.4197 28.0179 32.249 24.0416 33.2415 48.8365 47.3814 45.3431 40.3113 36.8782 40.8044 31.9531 30.8707 11.1803 25.2982 17.8885 0 17.4642 30.0832 23.3452 29.6816 9.8489 9.2195 24.0832 5 15
19.6469 18.868 14.3178 20.6155 18.6011 21.9317 18.0278 20.8806 22.8254 36.1248 45.4533 35.7771 34 32.6956 27.313 22.8254 25.6125 19.8494 20.2485 24.2074 21.9317 21.9317 17.4642 0 34.2053 29.9666 29.0172 27.2029 15.5563 25 19.2354 4.4721
39.2938 33.9706 25 32.0156 26.9072 30.8058 21.9317 19.8494 23.8537 16.1555 20.0998 69.6419 67.7791 66.7308 61.3514 56.648 58.6003 28.4253 25.6125 20.5913 53 13 30.0832 34.2053 0 7.2111 8.9443 30.2324 22.0907 53.3385 25.2982 29.8329
32.5576 33.6155 23.6008 32.2025 26.8328 31.3847 21.4709 20.2485 25 11 17.8885 65.7419 63.9531 62.6498 57.2713 52.7731 55.2268 28.6356 26 13.4164 47.1699 8.0623 23.3452 29.9666 7.2111 0 12.1655 23.0217 16.1245 47.0425 18.4391 25.4951
38.4708 25.4951 17.4642 23.3452 18.4391 22.0227 13.8924 11.4018 15 23.0868 28.6356 63.3246 61.4003 60.6383 55.3173 50.448 51.8652 19.799 16.9706 22.8035 49.6488 12.0416 29.6816 29.0172 8.9443 12.1655 0 32.6497 20.5913 50.9608 25.6125 25.02
14.7648 42.0476 32.3883 42.2966 37.6563 42.5793 33.2415 34.176 38.8973 19.105 27.1662 58 56.6392 54.4518 49.5782 46.4004 50.4777 39.6232 38.0789 9.8995 32.7567 20.8087 9.8489 27.2029 30.2324 23.0217 32.6497 0 15.2971 30.0832 9.0554 24.3311
17.8885 27.0185 17.1172 27.074 22.3607 27.2947 18.0278 19.2354 23.7697 20.6155 30 50.774 49.0918 47.5079 42.19 38.0132 41.1096 24.3311 22.8035 8.9443 31.0644 9.2195 9.2195 15.5563 22.0907 16.1245 20.5913 15.2971 0 31.257 6.3246 11.4018
15.5242 43.1393 39.1152 45.2769 43.6005 46.7547 42.5441 45.1774 47.7074 47.8539 56.7539 33.2415 32.573 29.7321 26.4764 26 31 44.8219 45.2217 35.2278 6 40.4475 24.0832 25 53.3385 47.0425 50.9608 30.0832 31.257 0 29.0689 27.2947
14.1421 33.0151 23.3452 33.2415 28.6356 33.541 24.3516 25.4951 30.0832 19.3132 28.6356 52.6308 51.0882 49.2037 44.0454 40.3113 43.9318 30.5941 29.1204 6.3246 30.0832 13.6015 5 19.2354 25.2982 18.4391 25.6125 9.0554 6.3246 29.0689 0 15.8114
19.2354 18.9737 12.0416 20.1246 17.0294 21.095 15.2643 17.8885 20.6155 31.8277 41.1096 40.2492 38.4708 37.1618 31.7805 27.2947 30 18.6011 18.3848 20.2485 25 17.4642 15 4.4721 29.8329 25.4951 25.02 24.3311 11.4018 27.2947 15.8114 0
