338.52
14
0 911 10
0 910 10
0 909 10
0 914 10
195 315 10
174 294 10
0 908 10
0 911 10
37 157 10
0 912 10
0 934 10
0 910 10
0 935 10
308 428 10
0 38.0789 39.3573 40.3113 35.3553 33.5261 39.2938 41.2311 38.0789 37.7359 37.2022 15.8114 39.2938 14.7648 20.5183
38.0789 0 3 5 14.1421 48.1041 50.5371 51.4782 30 5.831 8.6023 28.2843 33.9706 42.0476 50.01
39.3573 3 0 2 12.2066 47.1275 49.2443 50.0899 33 3.6056 6.4031 30.4795 32.0156 42.2966 50.1597
40.3113 5 2 0 11.1803 46.5725 48.4665 49.2443 35 3 5.3852 32.0156 30.8058 42.5793 50.3587
35.3553 14.1421 12.2066 11.1803 0 35.6931 37.3363 38.0789 41.2311 8.6023 5.831 31.6228 19.8494 34.176 41.4849
33.5261 48.1041 47.1275 46.5725 35.6931 0 6 8 65.0692 43.6807 41.2311 44.6542 20.8806 19.2354 18.6815
39.2938 50.5371 49.2443 48.4665 37.3363 6 0 2 69.527 45.6946 43.0813 49.7393 20 25.1794 24.5153
41.2311 51.4782 50.0899 49.2443 38.0789 8 2 0 71.0634 46.5188 43.8634 51.4782 20.0998 27.1662 26.4764
38.0789 30 33 35 41.2311 65.0692 69.527 71.0634 0 35.1283 37.3363 22.3607 58.6003 50.4777 57.8014
37.7359 5.831 3.6056 3 8.6023 43.6807 45.6946 46.5188 35.1283 0 2.8284 30.2324 28.4253 39.6232 47.3814
37.2022 8.6023 6.4031 5.3852 5.831 41.2311 43.0813 43.8634 37.3363 2.8284 0 30.8869 25.6125 38.0789 45.7056
15.8114 28.2843 30.4795 32.0156 31.6228 44.6542 49.7393 51.4782 22.3607 30.2324 30.8869 0 43.2897 28.4253 35.5106
39.2938 33.9706 32.0156 30.8058 19.8494 20.8806 20 20.0998 58.6003 28.4253 25.6125 43.2897 0 30.2324 34.6554
14.7648 42.0476 42.2966 42.5793 34.176 19.2354 25.1794 27.1662 50.4777 39.6232 38.0789 28.4253 30.2324 0 8.0623
20.5183 50.01 50.1597 50.3587 41.4849 18.6815 24.5153 26.4764 57.8014 47.3814 45.7056 35.5106 34.6554 8.0623 0
