686.8
35
388 911 10
30 546 10
353 708 10
425 913 10
40 630 10
228 667 10
161 558 10
229 624 10
213 648 10
404 753 10
33 511 10
46 519 10
395 911 10
35 697 10
39 528 10
94 535 10
394 909 10
37 597 10
315 782 10
38 606 10
25 516 10
239 630 10
420 897 10
42 706 10
401 923 10
436 907 10
330 930 10
135 556 10
190 659 10
215 608 10
212 605 10
272 565 10
90 549 10
149 586 10
356 930 10
0 38.0789 30.8058 39.3573 36.0555 40.3113 33.3017 35.3553 39.0512 33.541 31.6228 33.5261 32.3883 38.0789 35.3553 39.2938 41.2311 40.3113 37.7359 37.2022 38.3275 25 20 14.1421 42.4264 26.9258 10 19.6469 39.2938 32.5576 38.4708 32.2025 38.2099 17.8885 20.5183 19.2354
38.0789 0 10.4403 3 7.0711 5 12.2066 14.1421 11.1803 52.2015 47.4342 48.1041 43.4626 53.8516 44.7214 50.5371 51.4782 47.1699 5.831 8.6023 46.1411 55 35.3553 25.4951 66.7083 26.9258 29.1548 18.868 33.9706 33.6155 25.4951 61.131 62.3699 27.0185 50.01 18.9737
30.8058 10.4403 0 10 5.3852 10.198 4 7 8.6023 41.7612 37 37.6962 33.1059 43.4626 34.4819 40.3113 41.3401 37.2022 7.2801 6.4031 36.0555 45.0999 25.0799 17 56.2939 16.5529 23.4307 14.3178 25 23.6008 17.4642 51.0098 51.9711 17.1172 40.1995 12.0416
39.3573 3 10 0 5.3852 2 10.7703 12.2066 8.6023 51.4198 46.5725 47.1275 42.3792 52.811 43.4626 49.2443 50.0899 45.6508 3.6056 6.4031 44.7214 55.0818 35.0571 26.2488 66.0984 25.9615 30.8058 20.6155 32.0156 32.2025 23.3452 61.0082 61.8142 27.074 50.1597 20.1246
36.0555 7.0711 5.3852 5.3852 0 5 5.3852 7.0711 5 46.0977 41.2311 41.7612 37 47.4342 38.0789 43.8634 44.7214 40.3113 2 2 39.3573 50.2494 30 22.3607 60.8276 20.6155 28.2843 18.6011 26.9072 26.8328 18.4391 56.0089 56.5685 22.3607 45.3982 17.0294
40.3113 5 10.198 2 5 0 10.198 11.1803 7.0711 50.9902 46.0977 46.5725 41.7612 52.2015 42.72 48.4665 49.2443 44.7214 3 5.3852 43.8634 55.2268 35 26.9258 65.7647 25.4951 32.0156 21.9317 30.8058 31.3847 22.0227 61.0082 61.5224 27.2947 50.3587 21.095
33.3017 12.2066 4 10.7703 5.3852 10.198 0 3 5.831 40.7922 35.9026 36.4005 31.6228 42.0595 32.6956 38.4838 39.3573 34.9857 7.2801 5 34 45.5412 25.0799 19.2094 55.5788 15.2971 26.6271 18.0278 21.9317 21.4709 13.8924 51.0882 51.3517 18.0278 40.7922 15.2643
35.3553 14.1421 7 12.2066 7.0711 11.1803 3 0 5 40.3113 35.3553 35.6931 30.8058 41.2311 31.6228 37.3363 38.0789 33.541 8.6023 5.831 32.6956 46.0977 25.4951 21.2132 55.2268 15 29.1548 20.8806 19.8494 20.2485 11.4018 51.3517 51.0882 19.2354 41.4849 17.8885
39.0512 11.1803 8.6023 8.6023 5 7.0711 5.831 5 0 45.2769 40.3113 40.6079 35.6931 46.0977 36.4005 42.0595 42.72 38.0789 5.3852 3 37.3363 50.9902 30.4138 25 60.208 20 32.0156 22.8254 23.8537 25 15 56.3205 56.0803 23.7697 46.3249 20.6155
33.541 52.2015 41.7612 51.4198 46.0977 50.9902 40.7922 40.3113 45.2769 0 5 5.3852 10.198 5 11.1803 9.434 11.1803 14.1421 48.0521 45.7056 12.8062 15.8114 18.0278 32.0156 15 25.4951 39.0512 42.2019 26.2488 21.095 33.2415 15.5563 11.1803 26.9258 16 38.2753
31.6228 47.4342 37 46.5725 41.2311 46.0977 35.9026 35.3553 40.3113 5 0 2 5.3852 7.0711 7.0711 8 10 11.1803 43.1741 40.7922 9.434 18.0278 14.1421 28.2843 20 20.6155 36.0555 38.2884 21.5407 16.1245 28.2843 19.4165 16.1245 22.8035 16.7631 34.2053
33.5261 48.1041 37.6962 47.1275 41.7612 46.5725 36.4005 35.6931 40.6079 5.3852 2 0 5 5.831 5.831 6 8 9.434 43.6807 41.2311 7.8102 19.7231 15.6205 29.7321 20.0998 21.1896 37.7359 39.6232 20.8806 16 28.0713 20.6155 16.4924 24.0832 18.6815 35.4683
32.3883 43.4626 33.1059 42.3792 37 41.7612 31.6228 30.8058 35.6931 10.198 5.3852 5 0 10.4403 3 7.8102 9.434 8 38.8973 36.4005 6 22.6716 13 26.6271 25.0799 16.5529 35.3412 36.1248 16.1555 11 23.0868 24.6982 21.3776 20.6155 20.5913 31.8277
38.0789 53.8516 43.4626 52.811 47.4342 52.2015 42.0595 41.2311 46.0977 5 7.0711 5.831 10.4403 0 10 5.831 7.0711 11.1803 49.3356 46.8402 10.4403 20.6155 21.2132 35.3553 15.8114 26.9258 43.0116 45.3431 25.1794 21.2132 33.0151 19.4165 13.0384 29.8329 21 41.2311
35.3553 44.7214 34.4819 43.4626 38.0789 42.72 32.6956 31.6228 36.4005 11.1803 7.0711 5.831 3 10 0 5.831 7.0711 5 39.9249 37.3363 3 25 15.8114 29.1548 25.4951 18.0278 38.0789 38.4187 15.2971 11.4018 23.0217 26.4008 22.1359 23.0217 23.2594 34.0588
39.2938 50.5371 40.3113 49.2443 43.8634 48.4665 38.4838 37.3363 42.0595 9.434 8 6 7.8102 5.831 5.831 0 2 5.3852 45.6946 43.0813 5 25.0799 20.5913 34.4093 21.5407 23.8537 42.9418 43.9318 20 17.088 28.2843 24.8395 18.868 28.4253 24.5153 39.6232
41.2311 51.4782 41.3401 50.0899 44.7214 49.2443 39.3573 38.0789 42.72 11.1803 10 8 9.434 7.0711 7.0711 2 0 5 46.5188 43.8634 5.3852 26.9258 22.3607 36.0555 22.3607 25 44.7214 45.4533 20.0998 17.8885 28.6356 26.4008 20 30 26.4764 41.1096
40.3113 47.1699 37.2022 45.6508 40.3113 44.7214 34.9857 33.541 38.0789 14.1421 11.1803 9.434 8 11.1803 5 5.3852 5 0 42.0595 39.3573 2 29.1548 20.6155 33.541 26.9258 21.2132 42.72 42.4382 15.1327 13.6015 23.7697 29.6985 24.1868 27.2947 27.8568 38.0132
37.7359 5.831 7.2801 3.6056 2 3 7.2801 8.6023 5.3852 48.0521 43.1741 43.6807 38.8973 49.3356 39.9249 45.6946 46.5188 42.0595 0 2.8284 41.1461 52.2398 32 24.1661 62.8013 22.561 29.7321 19.8494 28.4253 28.6356 19.799 58.0086 58.5491 24.3311 47.3814 18.6011
37.2022 8.6023 6.4031 6.4031 2 5.3852 5 5.831 3 45.7056 40.7922 41.2311 36.4005 46.8402 37.3363 43.0813 43.8634 39.3573 2.8284 0 38.4838 50.4876 30.0666 23.3238 60.531 20.2237 29.7321 20.2485 25.6125 26 16.9706 56.0803 56.3205 22.8035 45.7056 18.3848
38.3275 46.1411 36.0555 44.7214 39.3573 43.8634 34 32.6956 37.3363 12.8062 9.434 7.8102 6 10.4403 3 5 5.3852 2 41.1461 38.4838 0 27.4591 18.6815 31.7648 26.2488 19.8494 40.8534 40.8044 15 12.53 23.3452 28.3196 23.2594 25.5539 26 36.4005
25 55 45.0999 55.0818 50.2494 55.2268 45.5412 46.0977 50.9902 15.8114 18.0278 19.7231 22.6716 20.6155 25 25.0799 26.9258 29.1548 52.2398 50.4876 27.4591 0 20.6155 30.4138 18.0278 31.6228 33.541 40.2616 37.8021 31.0644 42.4853 7.2111 14.3178 28.0179 5.099 37.4833
20 35.3553 25.0799 35.0571 30 35 25.0799 25.4951 30.4138 18.0278 14.1421 15.6205 13 21.2132 15.8114 20.5913 22.3607 20.6155 32 30.0666 18.6815 20.6155 0 14.1421 31.6228 11.1803 22.3607 24.2074 20.5913 13.4164 22.8035 26.0192 27.2029 8.9443 16.1555 20.2485
14.1421 25.4951 17 26.2488 22.3607 26.9258 19.2094 21.2132 25 32.0156 28.2843 29.7321 26.6271 35.3553 29.1548 34.4093 36.0555 33.541 24.1661 23.3238 31.7648 30.4138 14.1421 0 44.7214 15 10 10.2956 28 22.3607 25.2982 37.108 40.2492 6.3246 25.318 7.0711
42.4264 66.7083 56.2939 66.0984 60.8276 65.7647 55.5788 55.2268 60.208 15 20 20.0998 25.0799 15.8114 25.4951 21.5407 22.3607 26.9258 62.8013 60.531 26.2488 18.0278 31.6228 44.7214 0 40.3113 50 55.0091 40.7922 36.0555 48.1664 11.7047 4.4721 40.4969 21.9317 51.4782
26.9258 26.9258 16.5529 25.9615 20.6155 25.4951 15.2971 15 20 25.4951 20.6155 21.1896 16.5529 26.9258 18.0278 23.8537 25 21.2132 22.561 20.2237 19.8494 31.6228 11.1803 15 40.3113 0 25 21.9317 13 8.0623 12.0416 36.4966 36.1248 9.2195 27.313 17.4642
10 29.1548 23.4307 30.8058 28.2843 32.0156 26.6271 29.1548 32.0156 39.0512 36.0555 37.7359 35.3412 43.0116 38.0789 42.9418 44.7214 42.72 29.7321 29.7321 40.8534 33.541 22.3607 10 50 25 0 10.2956 38 32.249 34.9285 40.7063 45.607 16.1245 28.6531 11.4018
19.6469 18.868 14.3178 20.6155 18.6011 21.9317 18.0278 20.8806 22.8254 42.2019 38.2884 39.6232 36.1248 45.3431 38.4187 43.9318 45.4533 42.4382 19.8494 20.2485 40.8044 40.2616 24.2074 10.2956 55.0091 21.9317 10.2956 0 34.2053 29.9666 29.0172 47.1275 50.5371 15.5563 35.171 4.4721
39.2938 33.9706 25 32.0156 26.9072 30.8058 21.9317 19.8494 23.8537 26.2488 21.5407 20.8806 16.1555 25.1794 15.2971 20 20.0998 15.1327 28.4253 25.6125 15 37.8021 20.5913 28 40.7922 13 38 34.2053 0 7.2111 8.9443 40.7063 37.3631 22.0907 34.6554 29.8329
32.5576 33.6155 23.6008 32.2025 26.8328 31.3847 21.4709 20.2485 25 21.095 16.1245 16 11 21.2132 11.4018 17.088 17.8885 13.6015 28.6356 26 12.53 31.0644 13.4164 22.3607 36.0555 8.0623 32.249 29.9666 7.2111 0 12.1655 34.5398 32.249 16.1245 27.6586 25.4951
38.4708 25.4951 17.4642 23.3452 18.4391 22.0227 13.8924 11.4018 15 33.2415 28.2843 28.0713 23.0868 33.0151 23.0217 28.2843 28.6356 23.7697 19.799 16.9706 23.3452 42.4853 22.8035 25.2982 48.1664 12.0416 34.9285 29.0172 8.9443 12.1655 0 46.4866 44.4072 20.5913 38.5876 25.02
32.2025 61.131 51.0098 61.0082 56.0089 61.0082 51.0882 51.3517 56.3205 15.5563 19.4165 20.6155 24.6982 19.4165 26.4008 24.8395 26.4008 29.6985 58.0086 56.0803 28.3196 7.2111 26.0192 37.108 11.7047 36.4966 40.7063 47.1275 40.7063 34.5398 46.4866 0 9 34.1321 12.083 44.1475
38.2099 62.3699 51.9711 61.8142 56.5685 61.5224 51.3517 51.0882 56.0803 11.1803 16.1245 16.4924 21.3776 13.0384 22.1359 18.868 20 24.1868 58.5491 56.3205 23.2594 14.3178 27.2029 40.2492 4.4721 36.1248 45.607 50.5371 37.3631 32.249 44.4072 9 0 36.0555 17.8045 47.0106
17.8885 27.0185 17.1172 27.074 22.3607 27.2947 18.0278 19.2354 23.7697 26.9258 22.8035 24.0832 20.6155 29.8329 23.0217 28.4253 30 27.2947 24.3311 22.8035 25.5539 28.0179 8.9443 6.3246 40.4969 9.2195 16.1245 15.5563 22.0907 16.1245 20.5913 34.1321 36.0555 0 23.0868 11.4018
20.5183 50.01 40.1995 50.1597 45.3982 50.3587 40.7922 41.4849 46.3249 16 16.7631 18.6815 20.5913 21 23.2594 24.5153 26.4764 27.8568 47.3814 45.7056 26 5.099 16.1555 25.318 21.9317 27.313 28.6531 35.171 34.6554 27.6586 38.5876 12.083 17.8045 23.0868 0 32.3883
19.2354 18.9737 12.0416 20.1246 17.0294 21.095 15.2643 17.8885 20.6155 38.2753 34.2053 35.4683 31.8277 41.2311 34.0588 39.6232 41.1096 38.0132 18.6011 18.3848 36.4005 37.4833 20.2485 7.0711 51.4782 17.4642 11.4018 4.4721 29.8329 25.4951 25.02 44.1475 47.0106 11.4018 32.3883 0
