793.03
27
644 764 0
371 491 0
519 639 0
0 917 0
35 155 0
657 777 0
217 337 0
0 925 0
375 495 0
601 721 0
0 907 0
694 814 0
258 378 0
157 277 0
810 930 0
286 406 0
0 892 0
365 485 0
352 472 0
0 935 0
0 930 0
260 380 0
359 479 0
0 937 0
547 667 0
0 935 0
810 930 0
0 36.0555 33.541 31.6228 32.3883 35.3553 44.2041 35.3412 25 20 18.0278 42.4264 26.9258 15.8114 9.21954 19.6469 39.2938 57.0088 32.5576 38.4708 14.7648 19.2354 17.8885 4.24264 12.0416 48.1664 14.1421 19.2354
36.0555 0 46.0977 41.2311 37 38.0789 47.2652 35.0571 50.2494 30 40.3113 60.8276 20.6155 29.1548 30.0832 18.6011 26.9072 76.4853 26.8328 18.4391 37.6563 51.8652 22.3607 37.1214 47.8017 64.0312 28.6356 17.0294
33.541 46.0977 0 5 10.198 11.1803 75.8222 65.0692 15.8114 18.0278 51.4782 15 25.4951 46.0977 27.0185 42.2019 26.2488 30.4138 21.095 33.2415 18.7883 27.2947 26.9258 29.5466 39.6232 18.0278 23.3452 38.2753
31.6228 41.2311 5 0 5.3852 7.0711 72.6223 61.5549 18.0278 14.1421 49.2443 20 20.6155 43.0116 24.1868 38.2884 21.5407 35.3553 16.1245 28.2843 17.2627 28.4605 22.8035 27.8927 39.0512 22.8035 20 34.2053
32.3883 37 10.198 5.3852 0 3 71.2811 59.8164 22.6716 13 49.3356 25.0799 16.5529 42.0595 24.0416 36.1248 16.1555 40.1123 11 23.0868 19.105 32.2025 20.6155 29.0689 41.1096 27.2947 19.3132 31.8277
35.3553 38.0789 11.1803 7.0711 3 0 73.7835 62.2013 25 15.8114 52.2015 25.4951 18.0278 44.7214 26.9258 38.4187 15.2971 40 11.4018 23.0217 22.0907 34.9285 23.0217 32.0624 44.1022 27.0185 22.1359 34.0588
44.2041 47.2652 75.8222 72.6223 71.2811 73.7835 0 12.3693 69.2026 58.6003 27.7308 86.4523 57.6975 29.7321 48.8365 35.7771 69.6419 101.213 65.7419 63.3246 58 61.7738 50.774 48.4149 46.6154 91.967 52.6308 40.2492
35.3412 35.0571 65.0692 61.5549 59.8164 62.2013 12.3693 0 60.0333 47.4236 22 76.6094 45.6508 19.7231 38.4187 23.8537 57.3847 91.81 53.7122 50.9608 48.0104 54.0833 39.2046 39.3573 40.4475 81.8352 41.7253 28.3019
25 50.2494 15.8114 18.0278 22.6716 25 69.2026 60.0333 0 20.6155 42.4264 18.0278 31.6228 40.3113 22.8035 40.2616 37.8021 32.0156 31.0644 42.4853 13.1529 12.0416 28.0179 20.8087 26.8328 24.1868 22.0227 37.4833
20 30 18.0278 14.1421 13 15.8114 58.6003 47.4236 20.6155 0 36.4005 31.6228 11.1803 29.1548 11.1803 24.2074 20.5913 47.4342 13.4164 22.8035 9.8995 25.4951 8.9443 17.2627 30.0832 35.7771 6.3246 20.2485
18.0278 40.3113 51.4782 49.2443 49.3356 52.2015 27.7308 22 42.4264 36.4005 0 60.208 40 11.1803 25.2982 21.9317 53 74.3303 47.1699 49.6488 32.7567 34.1321 31.0644 22.2036 18.9737 66.0681 30.0832 25
42.4264 60.8276 15 20 25.0799 25.4951 86.4523 76.6094 18.0278 31.6228 60.208 0 40.3113 57.0088 38.2753 55.0091 40.7922 15.8114 36.0555 48.1664 28.6007 29.1548 40.4969 38.1838 44.7772 6.3246 35.7771 51.4782
26.9258 20.6155 25.4951 20.6155 16.5529 18.0278 57.6975 45.6508 31.6228 11.1803 40 40.3113 0 30.4138 17.8885 21.9317 13 55.9017 8.0623 12.0416 20.8087 36.4005 9.2195 25.5539 38.4708 43.4166 13.6015 17.4642
15.8114 29.1548 46.0977 43.0116 42.0595 44.7214 29.7321 19.7231 40.3113 29.1548 11.1803 57.0088 30.4138 0 19.105 10.7703 43.2897 72.111 38.0789 39.1152 28.4253 34.9285 22.1359 19.6977 23.3452 62.3699 23.0217 14.1421
9.2195 30.0832 27.0185 24.1868 24.0416 26.9258 48.8365 38.4187 22.8035 11.1803 25.2982 38.2753 17.8885 19.105 0 17.4642 30.0832 53.7122 23.3452 29.6816 9.8489 21.8403 9.2195 7.8102 20.5913 43.4166 5 15
19.6469 18.6011 42.2019 38.2884 36.1248 38.4187 35.7771 23.8537 40.2616 24.2074 21.9317 55.0091 21.9317 10.7703 17.4642 0 34.2053 70.6824 29.9666 29.0172 27.2029 38.0526 15.5563 22.0907 30.4138 59.6825 19.2354 4.4721
39.2938 26.9072 26.2488 21.5407 16.1555 15.2971 69.6419 57.3847 37.8021 20.5913 53 40.7922 13 43.2897 30.0832 34.2053 0 55.0818 7.2111 8.9443 30.2324 45.4533 22.0907 37.3363 50.3289 42.0476 25.2982 29.8329
57.0088 76.4853 30.4138 35.3553 40.1123 40 101.213 91.81 32.0156 47.4342 74.3303 15.8114 55.9017 72.111 53.7122 70.6824 55.0818 0 51.0882 63.0079 43.909 41.2311 56.3028 52.8015 57.4891 13.0384 51.4782 67.2309
32.5576 26.8328 21.095 16.1245 11 11.4018 65.7419 53.7122 31.0644 13.4164 47.1699 36.0555 8.0623 38.0789 23.3452 29.9666 7.2111 51.0882 0 12.1655 23.0217 38.2884 16.1245 30.3645 43.3244 38.2099 18.4391 25.4951
38.4708 18.4391 33.2415 28.2843 23.0868 23.0217 63.3246 50.9608 42.4853 22.8035 49.6488 48.1664 12.0416 39.1152 29.6816 29.0172 8.9443 63.0079 12.1655 0 32.6497 48.2701 20.5913 37.4433 50.2494 50.04 25.6125 25.02
14.7648 37.6563 18.7883 17.2627 19.105 22.0907 58 48.0104 13.1529 9.8995 32.7567 28.6007 20.8087 28.4253 9.8489 27.2029 30.2324 43.909 23.0217 32.6497 0 15.6205 15.2971 10.7703 22.0227 33.9706 9.0554 24.3311
19.2354 51.8652 27.2947 28.4605 32.2025 34.9285 61.7738 54.0833 12.0416 25.4951 34.1321 29.1548 36.4005 34.9285 21.8403 38.0526 45.4533 41.2311 38.2884 48.2701 15.6205 0 29.9666 16 16.2788 35.4683 23.7065 36.4966
17.8885 22.3607 26.9258 22.8035 20.6155 23.0217 50.774 39.2046 28.0179 8.9443 31.0644 40.4969 9.2195 22.1359 9.2195 15.5563 22.0907 56.3028 16.1245 20.5913 15.2971 29.9666 0 17.0294 29.6816 44.7214 6.3246 11.4018
4.2426 37.1214 29.5466 27.8927 29.0689 32.0624 48.4149 39.3573 20.8087 17.2627 22.2036 38.1838 25.5539 19.6977 7.8102 22.0907 37.3363 52.8015 30.3645 37.4433 10.7703 16 17.0294 0 13 43.9318 12.083 20.8806
12.0416 47.8017 39.6232 39.0512 41.1096 44.1022 46.6154 40.4475 26.8328 30.0832 18.9737 44.7772 38.4708 23.3452 20.5913 30.4138 50.3289 57.4891 43.3244 50.2494 22.0227 16.2788 29.6816 13 0 51 25.0799 30.8058
48.1664 64.0312 18.0278 22.8035 27.2947 27.0185 91.967 81.8352 24.1868 35.7771 66.0681 6.3246 43.4166 62.3699 43.4166 59.6825 42.0476 13.0384 38.2099 50.04 33.9706 35.4683 44.7214 43.9318 51 0 40.4969 55.9464
14.1421 28.6356 23.3452 20 19.3132 22.1359 52.6308 41.7253 22.0227 6.3246 30.0832 35.7771 13.6015 23.0217 5 19.2354 25.2982 51.4782 18.4391 25.6125 9.0554 23.7065 6.3246 12.083 25.0799 40.4969 0 15.8114
19.2354 17.0294 38.2753 34.2053 31.8277 34.0588 40.2492 28.3019 37.4833 20.2485 25 51.4782 17.4642 14.1421 15 4.4721 29.8329 67.2309 25.4951 25.02 24.3311 36.4966 11.4018 20.8806 30.8058 55.9464 15.8114 0
