831.67
37
613 853 0
92 332 0
411 651 0
584 824 0
40 280 0
328 568 0
240 480 0
307 547 0
135 375 0
163 403 0
35 275 0
114 354 0
195 435 0
643 883 0
597 837 0
497 737 0
514 754 0
37 277 0
429 669 0
45 285 0
315 555 0
541 781 0
539 779 0
634 874 0
552 792 0
97 337 0
690 930 0
226 466 0
305 545 0
292 532 0
200 440 0
299 539 0
688 928 0
502 742 0
112 352 0
248 488 0
690 930 0
0 38.0789 30.8058 39.3573 36.0555 40.3113 33.3017 35.3553 39.0512 33.5261 32.3883 35.3553 39.2938 41.2311 40.3113 44.2041 40.6079 38.0789 37.7359 37.2022 38.3275 20 18.0278 14.1421 26.9258 10 9.21954 19.6469 39.2938 32.5576 38.4708 17.8885 4.24264 21.095 15.5242 14.1421 20.5183 19.2354
38.0789 0 10.4403 3 7.0711 5 12.2066 14.1421 11.1803 48.1041 43.4626 44.7214 50.5371 51.4782 47.1699 42 40.1123 30 5.831 8.6023 46.1411 35.3553 39.0512 25.4951 26.9258 29.1548 33.541 18.868 33.9706 33.6155 25.4951 27.0185 39.8497 48.8365 43.1393 33.0151 50.01 18.9737
30.8058 10.4403 0 10 5.3852 10.198 4 7 8.6023 37.6962 33.1059 34.4819 40.3113 41.3401 37.2022 46.0977 43.566 34.4819 7.2801 6.4031 36.0555 25.0799 36.2491 17 16.5529 23.4307 24.6982 14.3178 25 23.6008 17.4642 17.1172 31.7648 45.2769 39.1152 23.3452 40.1995 12.0416
39.3573 3 10 0 5.3852 2 10.7703 12.2066 8.6023 47.1275 42.3792 43.4626 49.2443 50.0899 45.6508 45 43.1045 33 3.6056 6.4031 44.7214 35.0571 41.4005 26.2488 25.9615 30.8058 34.2053 20.6155 32.0156 32.2025 23.3452 27.074 40.8534 51.0882 45.2769 33.2415 50.1597 20.1246
36.0555 7.0711 5.3852 5.3852 0 5 5.3852 7.0711 5 41.7612 37 38.0789 43.8634 44.7214 40.3113 47.2652 45.0444 35.3553 2 2 39.3573 30 40.3113 22.3607 20.6155 28.2843 30.0832 18.6011 26.9072 26.8328 18.4391 22.3607 37.1214 49.6488 43.6005 28.6356 45.3982 17.0294
40.3113 5 10.198 2 5 0 10.198 11.1803 7.0711 46.5725 41.7612 42.72 48.4665 49.2443 44.7214 47 45.0999 35 3 5.3852 43.8634 35 43.0116 26.9258 25.4951 32.0156 34.7851 21.9317 30.8058 31.3847 22.0227 27.2947 41.6293 52.6308 46.7547 33.541 50.3587 21.095
33.3017 12.2066 4 10.7703 5.3852 10.198 0 3 5.831 36.4005 31.6228 32.6956 38.4838 39.3573 34.9857 50.01 47.5184 38.3275 7.2801 5 34 25.0799 39.9249 19.2094 15.2971 26.6271 26.4197 18.0278 21.9317 21.4709 13.8924 18.0278 33.8378 48.7647 42.5441 24.3516 40.7922 15.2643
35.3553 14.1421 7 12.2066 7.0711 11.1803 3 0 5 35.6931 30.8058 31.6228 37.3363 38.0789 33.541 52.9528 50.4876 41.2311 8.6023 5.831 32.6956 25.4951 42.72 21.2132 15 29.1548 28.0179 20.8806 19.8494 20.2485 11.4018 19.2354 35.609 51.4296 45.1774 25.4951 41.4849 17.8885
39.0512 11.1803 8.6023 8.6023 5 7.0711 5.831 5 0 40.6079 35.6931 36.4005 42.0595 42.72 38.0789 52.2398 50.04 40.3113 5.3852 3 37.3363 30.4138 44.7214 25 20 32.0156 32.249 22.8254 23.8537 25 15 23.7697 39.6611 53.8516 47.7074 30.0832 46.3249 20.6155
33.5261 48.1041 37.6962 47.1275 41.7612 46.5725 36.4005 35.6931 40.6079 0 5 5.831 6 8 9.434 74.2024 70.8025 65.0692 43.6807 41.2311 7.8102 15.6205 51.0784 29.7321 21.1896 37.7359 25.9422 39.6232 20.8806 16 28.0713 24.0832 29.8329 54.3415 49.0408 21.6333 18.6815 35.4683
32.3883 43.4626 33.1059 42.3792 37 41.7612 31.6228 30.8058 35.6931 5 0 3 7.8102 9.434 8 71.2811 67.9559 61.7171 38.8973 36.4005 6 13 49.3356 26.6271 16.5529 35.3412 24.0416 36.1248 16.1555 11 23.0868 20.6155 29.0689 53.4603 47.8539 19.3132 20.5913 31.8277
35.3553 44.7214 34.4819 43.4626 38.0789 42.72 32.6956 31.6228 36.4005 5.831 3 0 5.831 7.0711 5 73.7835 70.4911 64.0312 39.9249 37.3363 3 15.8114 52.2015 29.1548 18.0278 38.0789 26.9258 38.4187 15.2971 11.4018 23.0217 23.0217 32.0624 56.4358 50.8035 22.1359 23.2594 34.0588
39.2938 50.5371 40.3113 49.2443 43.8634 48.4665 38.4838 37.3363 42.0595 6 7.8102 5.831 0 2 5.3852 79.0569 75.7166 69.527 45.6946 43.0813 5 20.5913 56.648 34.4093 23.8537 42.9418 31.3847 43.9318 20 17.088 28.2843 28.4253 35.6931 60.208 54.8179 26.8328 24.5153 39.6232
41.2311 51.4782 41.3401 50.0899 44.7214 49.2443 39.3573 38.0789 42.72 8 9.434 7.0711 2 0 5 80.7094 77.3886 71.0634 46.5188 43.8634 5.3852 22.3607 58.5235 36.0555 25 44.7214 33.2415 45.4533 20.0998 17.8885 28.6356 30 37.6563 62.1691 56.7539 28.6356 26.4764 41.1096
40.3113 47.1699 37.2022 45.6508 40.3113 44.7214 34.9857 33.541 38.0789 9.434 8 5 5.3852 5 0 78.032 74.793 68.0074 42.0595 39.3573 2 20.6155 57.0088 33.541 21.2132 42.72 31.7805 42.4382 15.1327 13.6015 23.7697 27.2947 37.054 61.4003 55.7315 26.9258 27.8568 38.0132
44.2041 42 46.0977 45 47.2652 47 50.01 52.9528 52.2398 74.2024 71.2811 73.7835 79.0569 80.7094 78.032 0 3.6056 12 47.0956 49.2544 76.3217 58.6003 27.7308 44.6542 57.6975 36.7967 48.8365 35.7771 69.6419 65.7419 63.3246 50.774 48.4149 33.541 33.2415 52.6308 64.6607 40.2492
40.6079 40.1123 43.566 43.1045 45.0444 45.0999 47.5184 50.4876 50.04 70.8025 67.9559 70.4911 75.7166 77.3886 74.793 3.6056 0 10.4403 45 47.0425 73.0616 55.2178 24.1661 41.3401 54.626 33.3017 45.3431 32.6956 66.7308 62.6498 60.6383 47.5079 44.8219 30.2655 29.7321 49.2037 61.0737 37.1618
38.0789 30 34.4819 33 35.3553 35 38.3275 41.2311 40.3113 65.0692 61.7171 64.0312 69.527 71.0634 68.0074 12 10.4403 0 35.1283 37.3363 66.4003 49.4975 25 35.3553 47.1699 29.1548 40.8044 25.6125 58.6003 55.2268 51.8652 41.1096 42.0476 33.541 31 43.9318 57.8014 30
37.7359 5.831 7.2801 3.6056 2 3 7.2801 8.6023 5.3852 43.6807 38.8973 39.9249 45.6946 46.5188 42.0595 47.0956 45 35.1283 0 2.8284 41.1461 32 41.3401 24.1661 22.561 29.7321 31.9531 19.8494 28.4253 28.6356 19.799 24.3311 38.9102 50.8035 44.8219 30.5941 47.3814 18.6011
37.2022 8.6023 6.4031 6.4031 2 5.3852 5 5.831 3 41.2311 36.4005 37.3363 43.0813 43.8634 39.3573 49.2544 47.0425 37.3363 2.8284 0 38.4838 30.0666 42.0595 23.3238 20.2237 29.7321 30.8707 20.2485 25.6125 26 16.9706 22.8035 38.0789 51.3128 45.2217 29.1204 45.7056 18.3848
38.3275 46.1411 36.0555 44.7214 39.3573 43.8634 34 32.6956 37.3363 7.8102 6 3 5 5.3852 2 76.3217 73.0616 66.4003 41.1461 38.4838 0 18.6815 55.0818 31.7648 19.8494 40.8534 29.8329 40.8044 15 12.53 23.3452 25.5539 35.0571 59.4138 53.7587 25 26 36.4005
20 35.3553 25.0799 35.0571 30 35 25.0799 25.4951 30.4138 15.6205 13 15.8114 20.5913 22.3607 20.6155 58.6003 55.2178 49.4975 32 30.0666 18.6815 0 36.4005 14.1421 11.1803 22.3607 11.1803 24.2074 20.5913 13.4164 22.8035 8.9443 17.2627 41.0488 35.2278 6.3246 16.1555 20.2485
18.0278 39.0512 36.2491 41.4005 40.3113 43.0116 39.9249 42.72 44.7214 51.0784 49.3356 52.2015 56.648 58.5235 57.0088 27.7308 24.1661 25 41.3401 42.0595 55.0818 36.4005 0 25 40 15 25.2982 21.9317 53 47.1699 49.6488 31.0644 22.2036 10 6 30.0832 38.2884 25
14.1421 25.4951 17 26.2488 22.3607 26.9258 19.2094 21.2132 25 29.7321 26.6271 29.1548 34.4093 36.0555 33.541 44.6542 41.3401 35.3553 24.1661 23.3238 31.7648 14.1421 25 0 15 10 8.0623 10.2956 28 22.3607 25.2982 6.3246 14.7648 32.0156 25.7099 8.9443 25.318 7.0711
26.9258 26.9258 16.5529 25.9615 20.6155 25.4951 15.2971 15 20 21.1896 16.5529 18.0278 23.8537 25 21.2132 57.6975 54.626 47.1699 22.561 20.2237 19.8494 11.1803 40 15 0 25 17.8885 21.9317 13 8.0623 12.0416 9.2195 25.5539 46.6905 40.4475 13.6015 27.313 17.4642
10 29.1548 23.4307 30.8058 28.2843 32.0156 26.6271 29.1548 32.0156 37.7359 35.3412 38.0789 42.9418 44.7214 42.72 36.7967 33.3017 29.1548 29.7321 29.7321 40.8534 22.3607 15 10 25 0 12.0416 10.2956 38 32.249 34.9285 16.1245 13.3417 22.4722 16.1555 16.1245 28.6531 11.4018
9.2195 33.541 24.6982 34.2053 30.0832 34.7851 26.4197 28.0179 32.249 25.9422 24.0416 26.9258 31.3847 33.2415 31.7805 48.8365 45.3431 40.8044 31.9531 30.8707 29.8329 11.1803 25.2982 8.0623 17.8885 12.0416 0 17.4642 30.0832 23.3452 29.6816 9.2195 7.8102 30 24.0832 5 17.72 15
19.6469 18.868 14.3178 20.6155 18.6011 21.9317 18.0278 20.8806 22.8254 39.6232 36.1248 38.4187 43.9318 45.4533 42.4382 35.7771 32.6956 25.6125 19.8494 20.2485 40.8044 24.2074 21.9317 10.2956 21.9317 10.2956 17.4642 0 34.2053 29.9666 29.0172 15.5563 22.0907 31.0644 25 19.2354 35.171 4.4721
39.2938 33.9706 25 32.0156 26.9072 30.8058 21.9317 19.8494 23.8537 20.8806 16.1555 15.2971 20 20.0998 15.1327 69.6419 66.7308 58.6003 28.4253 25.6125 15 20.5913 53 28 13 38 30.0832 34.2053 0 7.2111 8.9443 22.0907 37.3363 59.5399 53.3385 25.2982 34.6554 29.8329
32.5576 33.6155 23.6008 32.2025 26.8328 31.3847 21.4709 20.2485 25 16 11 11.4018 17.088 17.8885 13.6015 65.7419 62.6498 55.2268 28.6356 26 12.53 13.4164 47.1699 22.3607 8.0623 32.249 23.3452 29.9666 7.2111 0 12.1655 16.1245 30.3645 53.1507 47.0425 18.4391 27.6586 25.4951
38.4708 25.4951 17.4642 23.3452 18.4391 22.0227 13.8924 11.4018 15 28.0713 23.0868 23.0217 28.2843 28.6356 23.7697 63.3246 60.6383 51.8652 19.799 16.9706 23.3452 22.8035 49.6488 25.2982 12.0416 34.9285 29.6816 29.0172 8.9443 12.1655 0 20.5913 37.4433 57.28 50.9608 25.6125 38.5876 25.02
17.8885 27.0185 17.1172 27.074 22.3607 27.2947 18.0278 19.2354 23.7697 24.0832 20.6155 23.0217 28.4253 30 27.2947 50.774 47.5079 41.1096 24.3311 22.8035 25.5539 8.9443 31.0644 6.3246 9.2195 16.1245 9.2195 15.5563 22.0907 16.1245 20.5913 0 17.0294 37.4833 31.257 6.3246 23.0868 11.4018
4.2426 39.8497 31.7648 40.8534 37.1214 41.6293 33.8378 35.609 39.6611 29.8329 29.0689 32.0624 35.6931 37.6563 37.054 48.4149 44.8219 42.0476 38.9102 38.0789 35.0571 17.2627 22.2036 14.7648 25.5539 13.3417 7.8102 22.0907 37.3363 30.3645 37.4433 17.0294 0 24.5153 19.3132 12.083 16.2788 20.8806
21.095 48.8365 45.2769 51.0882 49.6488 52.6308 48.7647 51.4296 53.8516 54.3415 53.4603 56.4358 60.208 62.1691 61.4003 33.541 30.2655 33.541 50.8035 51.3128 59.4138 41.0488 10 32.0156 46.6905 22.4722 30 31.0644 59.5399 53.1507 57.28 37.4833 24.5153 0 6.3246 35 38.9102 33.541
15.5242 43.1393 39.1152 45.2769 43.6005 46.7547 42.5441 45.1774 47.7074 49.0408 47.8539 50.8035 54.8179 56.7539 55.7315 33.2415 29.7321 31 44.8219 45.2217 53.7587 35.2278 6 25.7099 40.4475 16.1555 24.0832 25 53.3385 47.0425 50.9608 31.257 19.3132 6.3246 0 29.0689 34.6699 27.2947
14.1421 33.0151 23.3452 33.2415 28.6356 33.541 24.3516 25.4951 30.0832 21.6333 19.3132 22.1359 26.8328 28.6356 26.9258 52.6308 49.2037 43.9318 30.5941 29.1204 25 6.3246 30.0832 8.9443 13.6015 16.1245 5 19.2354 25.2982 18.4391 25.6125 6.3246 12.083 35 29.0689 0 17 15.8114
20.5183 50.01 40.1995 50.1597 45.3982 50.3587 40.7922 41.4849 46.3249 18.6815 20.5913 23.2594 24.5153 26.4764 27.8568 64.6607 61.0737 57.8014 47.3814 45.7056 26 16.1555 38.2884 25.318 27.313 28.6531 17.72 35.171 34.6554 27.6586 38.5876 23.0868 16.2788 38.9102 34.6699 17 0 32.3883
19.2354 18.9737 12.0416 20.1246 17.0294 21.095 15.2643 17.8885 20.6155 35.4683 31.8277 34.0588 39.6232 41.1096 38.0132 40.2492 37.1618 30 18.6011 18.3848 36.4005 20.2485 25 7.0711 17.4642 11.4018 15 4.4721 29.8329 25.4951 25.02 11.4018 20.8806 33.541 27.2947 15.8114 32.3883 0
