574.42
24
469 709 0
86 326 0
89 329 0
134 374 0
186 426 0
105 345 0
561 801 0
51 291 0
427 667 0
218 458 0
269 509 0
316 556 0
157 397 0
447 687 0
497 737 0
198 438 0
107 347 0
39 279 0
506 746 0
208 448 0
181 421 0
27 267 0
295 535 0
332 572 0
0 58.5235 57.0088 55.7136 52.2015 52 50.2892 51.0784 51.4782 47.4342 37.2022 40.3113 30.8058 35.3412 35.3412 18.0278 15.8114 29.1548 39.0512 13.0384 25.2982 25.4951 27.4591 12.0416 17.1172
58.5235 0 5 3 7.0711 7 8.6023 8 11.1803 11.1803 59.9083 65.192 58.258 65.6049 23.5372 45.2769 61.0328 30.4138 31.6228 54.4518 33.2415 39.0512 47.4236 53.8516 42.0476
57.0088 5 0 5.831 5 8.6023 7 9.434 14.1421 10 55.8032 61.0328 54.4885 61.7171 23 45 58.3095 30 33.541 54.037 31.7805 36.0555 43.8634 51.4296 40.1622
55.7136 3 5.831 0 5.3852 4 6.4031 5 8.6023 8.6023 58.3095 63.6318 56.4004 63.8201 20.6155 42.2966 58.6003 27.4591 28.7924 51.4782 30.4631 36.7967 45.4533 51.3128 39.3573
52.2015 7.0711 5 5.3852 0 5.3852 2 5.831 11.1803 5 53 58.3095 51.225 58.6003 18 40 54.0833 25 29.1548 49.0408 26.9258 32.0156 40.3609 47.0106 35.4683
52 7 8.6023 4 5.3852 0 5 1 5.831 5.831 56.356 61.7171 54.0833 61.5873 16.7631 38.3275 55.4437 23.5372 25.0799 47.5184 26.8328 33.9706 43.0116 48.0104 35.8469
50.2892 8.6023 7 6.4031 2 5 0 5.099 10.4403 3 51.9711 57.3062 50 57.4282 16 38 52.4309 23 27.4591 47.0425 25 30.4795 39.0512 45.2769 33.6155
51.0784 8 9.434 5 5.831 1 5.099 0 5.3852 5.3852 55.9017 61.2699 53.535 61.0574 15.8114 37.3363 54.6717 22.561 24.1661 46.5296 25.9422 33.3017 42.4382 47.2017 34.9857
51.4782 11.1803 14.1421 8.6023 11.1803 5.831 10.4403 5.3852 0 10 59.6154 65 56.8243 64.4127 16.4012 36.4005 56.5685 22.3607 20.6155 45.607 27.0185 36.0555 45.6508 48.8365 36.2353
47.4342 11.1803 10 8.6023 5 5.831 3 5.3852 10 0 50.5371 55.9017 48.2597 55.7584 13 35 50 20 25 44.0454 22.1359 28.2843 37.2022 42.72 30.8707
37.2022 59.9083 55.8032 58.3095 53 56.356 51.9711 55.9017 59.6154 50.5371 0 5.3852 6.4031 7.2801 46.0977 46.5725 22.6716 45.0999 60.075 47.8539 38.0526 25.1794 15.0333 25.5539 32.3883
40.3113 65.192 61.0328 63.6318 58.3095 61.7171 57.3062 61.2699 65 55.9017 5.3852 0 10.198 5.831 51.4198 50.9902 25 50.2494 65.192 51.6236 43.1856 30.4138 20.2237 29.1548 37.1214
30.8058 58.258 54.4885 56.4004 51.225 54.0833 50 53.535 56.8243 48.2597 6.4031 10.198 0 7.6158 42.3792 40.7922 16.4012 40.6079 55.4437 41.6293 33.541 21.1896 11.1803 19.2354 27.0185
35.3412 65.6049 61.7171 63.8201 58.6003 61.5873 57.4282 61.0574 64.4127 55.7584 7.2801 5.831 7.6158 0 49.98 47.2652 19.7231 48.0521 62.8013 47.1275 41 28.7924 18.7883 24.7386 34.0588
35.3412 23.5372 23 20.6155 18 16.7631 16 15.8114 16.4012 13 46.0977 51.4198 42.3792 49.98 0 22 40.3609 7 16.5529 31.0644 10.6301 21.1896 31.3209 32.5269 19.8494
18.0278 45.2769 45 42.2966 40 38.3275 38 37.3363 36.4005 35 46.5725 50.9902 40.7922 47.2652 22 0 30.4138 15 21.2132 9.2195 15.6525 25 32.6956 23.0217 14.7648
15.8114 61.0328 58.3095 58.6003 54.0833 55.4437 52.4309 54.6717 56.5685 50 22.6716 25 16.4012 19.7231 40.3609 30.4138 0 36.0555 49.2443 28.2843 29.8329 22.3607 18 8.0623 20.8087
29.1548 30.4138 30 27.4591 25 23.5372 23 22.561 22.3607 20 45.0999 50.2494 40.6079 48.0521 7 15 36.0555 0 15 24.0832 7.0711 20 30.0666 28.0179 15.2643
39.0512 31.6228 33.541 28.7924 29.1548 25.0799 27.4591 24.1661 20.6155 25 60.075 65.192 55.4437 62.8013 16.5529 21.2132 49.2443 15 0 29.4109 22.0227 35 45.0444 41.2311 29.1204
13.0384 54.4518 54.037 51.4782 49.0408 47.5184 47.0425 46.5296 45.607 44.0454 47.8539 51.6236 41.6293 47.1275 31.0644 9.2195 28.2843 24.0832 29.4109 0 23.5372 30 35.609 22.4722 19.4165
25.2982 33.2415 31.7805 30.4631 26.9258 26.8328 25 25.9422 27.0185 22.1359 38.0526 43.1856 33.541 41 10.6301 15.6525 29.8329 7.0711 22.0227 23.5372 0 13.0384 23.0217 21.9317 9.2195
25.4951 39.0512 36.0555 36.7967 32.0156 33.9706 30.4795 33.3017 36.0555 28.2843 25.1794 30.4138 21.1896 28.7924 21.1896 25 22.3607 20 35 30 13.0384 0 10.198 16.2788 10.6301
27.4591 47.4236 43.8634 45.4533 40.3609 43.0116 39.0512 42.4382 45.6508 37.2022 15.0333 20.2237 11.1803 18.7883 31.3209 32.6956 18 30.0666 45.0444 35.609 23.0217 10.198 0 15.6525 18.0278
12.0416 53.8516 51.4296 51.3128 47.0106 48.0104 45.2769 47.2017 48.8365 42.72 25.5539 29.1548 19.2354 24.7386 32.5269 23.0217 8.0623 28.0179 41.2311 22.4722 21.9317 16.2788 15.6525 0 12.8062
17.1172 42.0476 40.1622 39.3573 35.4683 35.8469 33.6155 34.9857 36.2353 30.8707 32.3883 37.1214 27.0185 34.0588 19.8494 14.7648 20.8087 15.2643 29.1204 19.4165 9.2195 10.6301 18.0278 12.8062 0
