817.53
36
371 491 0
519 639 0
0 917 0
653 773 0
0 914 0
703 823 0
784 904 0
0 891 0
146 266 0
0 894 0
0 897 0
246 366 0
0 899 0
0 898 0
80 200 0
0 902 0
0 911 0
0 914 0
0 916 0
375 495 0
782 902 0
0 907 0
167 287 0
268 388 0
645 765 0
0 892 0
764 884 0
365 485 0
352 472 0
822 942 0
0 914 0
808 928 0
0 932 0
0 929 0
0 934 0
0 901 0
0 33.541 31.6228 32.3883 38.0789 35.3553 40.3113 45.2769 58.5235 57.0088 55.7136 52.2015 52 50.2892 51.0784 51.4782 47.4342 38.3275 35.3412 33.541 20 47.1699 42.4264 29.1548 25.2982 36.0555 57.0088 49.98 32.5576 38.4708 7.61577 35.4683 21.095 17.1172 20.6155 15.5242 48.1664
33.541 0 5 10.198 5 11.1803 14.1421 39.0512 85.1469 85 82.1523 80 78.1601 78 77.1622 75.6637 75 12.8062 62 47.4342 18.0278 25.4951 15 55 54.4518 18.0278 30.4138 34.5398 21.095 33.2415 38.8973 54.3415 53.7587 48.7647 46.0435 48.8467 18.0278
31.6228 5 0 5.3852 7.0711 7.0711 11.1803 43.0116 85.5862 85.1469 82.6075 80.1561 78.6384 78.1601 77.6466 76.4853 75.1665 9.434 62.2013 49.2443 14.1421 30.4138 20 55.2268 54.037 22.3607 35.3553 39.2173 16.1245 28.2843 37.6563 55.6597 52.3927 47.676 46.0977 47.1275 22.8035
32.3883 10.198 5.3852 0 10.4403 3 8 48.2597 88.2836 87.5728 85.3288 82.6075 81.3941 80.6226 80.4114 79.555 77.6466 6 64.7765 53.2353 13 35.6931 25.0799 57.8705 56.0803 27.7308 40.1123 44.5982 11 23.0868 39.0512 59.2368 53.4603 49.0918 48.6621 47.8539 27.2947
38.0789 5 7.0711 10.4403 0 10 11.1803 42.4264 90.139 90 87.1436 85 83.1505 83 82.1523 80.6226 80 10.4403 67 52.2015 21.2132 26.9258 15.8114 60 59.4138 21.2132 30 36.7151 21.2132 33.0151 43.6807 59.2284 58.5235 53.6004 51.0392 53.4883 17.0294
35.3553 11.1803 7.0711 3 10 0 5 50 91.241 90.554 88.2836 85.5862 84.3445 83.6002 83.3607 82.4621 80.6226 3 67.7422 55.9017 15.8114 36.4005 25.4951 60.8276 59.0762 29.1548 40 45.6946 11.4018 23.0217 42.0476 62.0322 56.4358 52.0865 51.6236 50.8035 27.0185
40.3113 14.1421 11.1803 8 11.1803 5 0 53.1507 96.177 95.525 93.215 90.554 89.2693 88.5664 88.2836 87.3212 85.5862 2 72.6911 60.4152 20.6155 38.0789 26.9258 65.7647 64.0703 32.0156 40.3113 47.8853 13.6015 23.7697 47.0425 66.7308 61.4003 57.0789 56.5685 55.7315 27.2947
45.2769 39.0512 43.0116 48.2597 42.4264 50 53.1507 0 65 67.082 62.2415 62.6498 58.6003 60.9016 57.6975 53.8516 58.3095 51.8556 47.634 25 47.4342 20.6155 29.1548 42.4264 47.0106 21.2132 30 12.1655 57.7062 69.3542 43.6807 33.2866 53.7122 48.3011 38.2753 52.9245 33.6155
58.5235 85.1469 85.5862 88.2836 90.139 91.241 96.177 65 0 5 3 7.0711 7 8.6023 8 11.1803 11.1803 94.202 23.5372 41.2311 77.6209 82.4621 85.5862 30.4138 33.2415 75.6637 93.408 76.896 90.802 96.773 50.9215 32.7567 40.4969 42.0476 39.6232 46.6476 91.788
57.0088 85 85.1469 87.5728 90 90.554 95.525 67.082 5 0 5.831 5 8.6023 7 9.434 14.1421 10 93.536 23 42.72 76.4853 83.8153 86.3134 30 31.7805 76.4853 94.868 78.7909 89.4986 94.921 49.4773 34.176 38.0132 40.1622 39.0512 44.2832 92.574
55.7136 82.1523 82.6075 85.3288 87.1436 88.2836 93.215 62.2415 3 5.831 0 5.3852 4 6.4031 5 8.6023 8.6023 91.241 20.6155 38.3275 74.7262 79.555 82.6075 27.4591 30.4631 72.6911 90.521 74.0945 87.9318 94.021 48.1041 29.8329 38.0132 39.3573 36.6742 44.1022 88.8144
52.2015 80 80.1561 82.6075 85 85.5862 90.554 62.6498 7.0711 5 5.3852 0 5.3852 2 5.831 11.1803 5 88.5664 18 38.0789 71.5891 79.0569 81.3941 25 26.9258 71.5891 90.139 74.2496 84.6463 90.25 44.643 29.5466 33.6155 35.4683 34.0588 39.8246 87.6641
52 78.1601 78.6384 81.3941 83.1505 84.3445 89.2693 58.6003 7 8.6023 4 5.3852 0 5 1 5.831 5.831 87.2983 16.7631 34.4819 70.8802 75.6902 78.6384 23.5372 26.8328 68.7314 86.6833 70.3847 84.119 90.377 44.3847 25.9615 34.8281 35.8469 32.7567 40.8044 84.8528
50.2892 78 78.1601 80.6226 83 83.6002 88.5664 60.9016 8.6023 7 6.4031 2 5 0 5.099 10.4403 3 86.5794 16 36.2491 69.6348 77.1622 79.4292 23 25 69.6348 88.2553 72.45 82.7103 88.3912 42.72 27.7308 31.9061 33.6155 32.0624 38.0789 85.703
51.0784 77.1622 77.6466 80.4114 82.1523 83.3607 88.2836 57.6975 8 9.434 5 5.831 1 5.099 0 5.3852 5.3852 86.3134 15.8114 33.5261 69.9214 74.7262 77.6466 22.561 25.9422 67.7422 85.7263 69.4622 83.1685 89.4707 43.4626 25 34.0588 34.9857 31.7805 40 83.863
51.4782 75.6637 76.4853 79.555 80.6226 82.4621 87.3212 53.8516 11.1803 14.1421 8.6023 11.1803 5.831 10.4403 5.3852 0 10 85.3756 16.4012 30.4138 69.6419 71.5891 75.1665 22.3607 27.0185 65.192 82.4621 65.7875 83.006 89.9444 43.909 22.0907 36.1248 36.2353 31.3847 41.7253 81.3019
47.4342 75 75.1665 77.6466 80 80.6226 85.5862 58.3095 11.1803 10 8.6023 5 5.831 3 5.3852 10 0 83.6002 13 33.541 66.7083 74.3303 76.4853 20 22.1359 66.7083 85.44 69.7711 79.8123 85.6154 39.8497 25.0599 29.4109 30.8707 29.0689 35.5106 82.7647
38.3275 12.8062 9.434 6 10.4403 3 2 51.8556 94.202 93.536 91.241 88.5664 87.2983 86.5794 86.3134 85.3756 83.6002 0 70.7107 58.6003 18.6815 37.3363 26.2488 63.7887 62.0725 30.8058 40.1123 46.9574 12.53 23.3452 45.0444 64.846 59.4138 55.0818 54.5894 53.7587 27.074
35.3412 62 62.2013 64.7765 67 67.7422 72.6911 47.634 23.5372 23 20.6155 18 16.7631 16 15.8114 16.4012 13 70.7107 0 22.6716 54.1202 62.2415 63.7887 7 10.6301 54.1202 73.4098 58.5235 67.3573 73.7902 27.7308 15 20.2485 19.8494 16.1245 25.4951 70.0928
33.541 47.4342 49.2443 53.2353 52.2015 55.9017 60.4152 25 41.2311 42.72 38.3275 38.0789 34.4819 36.2491 33.5261 30.4138 33.541 58.6003 22.6716 0 46.0977 41.2311 45 18.0278 23.7697 35 52.2015 36.2353 59.203 68.593 28.1603 8.544 32.5576 28.0713 17.0294 34 51.0392
20 18.0278 14.1421 13 21.2132 15.8114 20.6155 47.4342 77.6209 76.4853 74.7262 71.5891 70.8802 69.6348 69.9214 69.6419 66.7083 18.6815 54.1202 46.0977 0 40.3113 31.6228 47.4342 44.7214 30 47.4342 47.0956 13.4164 22.8035 27.1662 50.774 41.0488 37.054 38.2753 35.2278 35.7771
47.1699 25.4951 30.4138 35.6931 26.9258 36.4005 38.0789 20.6155 82.4621 83.8153 79.555 79.0569 75.6902 77.1622 74.7262 71.5891 74.3303 37.3363 62.2415 41.2311 40.3113 0 11.1803 55.9017 58.5235 11.1803 11.1803 10.6301 46.5296 58.6941 48.9183 49.7293 62.2896 56.6392 49.0918 59.4643 13.6015
42.4264 15 20 25.0799 15.8114 25.4951 26.9258 29.1548 85.5862 86.3134 82.6075 81.3941 78.6384 79.4292 77.6466 75.1665 76.4853 26.2488 63.7887 45 31.6228 11.1803 0 57.0088 58.3095 10 15.8114 21.4009 36.0555 48.1664 45.8039 53.0848 60.208 54.7083 49.0408 56.4004 6.3246
29.1548 55 55.2268 57.8705 60 60.8276 65.7647 42.4264 30.4138 30 27.4591 25 23.5372 23 22.561 22.3607 20 63.7887 7 18.0278 47.4342 55.9017 57.0088 0 7.0711 47.4342 67.082 52.8015 60.7454 67.6018 21.6333 12.1655 17.4642 15.2643 9.2195 21.4709 63.3246
25.2982 54.4518 54.037 56.0803 59.4138 59.0762 64.0703 47.0106 33.2415 31.7805 30.4631 26.9258 26.8328 25 25.9422 27.0185 22.1359 62.0725 10.6301 23.7697 44.7214 58.5235 58.3095 7.0711 0 49.1935 69.6419 56.5862 57.7235 63.561 17.72 19.0263 10.4403 9.2195 9.434 15 64.622
36.0555 18.0278 22.3607 27.7308 21.2132 29.1548 32.0156 21.2132 75.6637 76.4853 72.6911 71.5891 68.7314 69.6348 67.7422 65.192 66.7083 30.8058 54.1202 35 30 11.1803 10 47.4342 49.1935 0 21.2132 17.2627 37.9473 50 38.1838 43.1045 52.0096 46.4004 39.8121 48.7955 16.1245
57.0088 30.4138 35.3553 40.1123 30 40 40.3113 30 93.408 94.868 90.521 90.139 86.6833 88.2553 85.7263 82.4621 85.44 40.1123 73.4098 52.2015 47.4342 11.1803 15.8114 67.082 69.6419 21.2132 0 18.1108 51.0882 63.0079 59.397 60.7289 73.1095 67.4759 60.208 70.0071 13.0384
49.98 34.5398 39.2173 44.5982 36.7151 45.6946 47.8853 12.1655 76.896 78.7909 74.0945 74.2496 70.3847 72.45 69.4622 65.7875 69.7711 46.9574 58.5235 36.2353 47.0956 10.6301 21.4009 52.8015 56.5862 17.2627 18.1108 0 55.0818 67.1863 50.1199 44.7214 62.0081 56.4004 47.3814 60.208 24.2074
32.5576 21.095 16.1245 11 21.2132 11.4018 13.6015 57.7062 90.802 89.4986 87.9318 84.6463 84.119 82.7103 83.1685 83.006 79.8123 12.53 67.3573 59.203 13.4164 46.5296 36.0555 60.7454 57.7235 37.9473 51.0882 55.0818 0 12.1655 40.025 64.1405 53.1507 49.6488 51.6236 47.0425 38.2099
38.4708 33.2415 28.2843 23.0868 33.0151 23.0217 23.7697 69.3542 96.773 94.921 94.021 90.25 90.377 88.3912 89.4707 89.9444 85.6154 23.3452 73.7902 68.593 22.8035 58.6941 48.1664 67.6018 63.561 50 63.0079 67.1863 12.1655 0 46.0652 72.6223 57.28 54.7814 58.8303 50.9608 50.04
7.6158 38.8973 37.6563 39.0512 43.6807 42.0476 47.0425 43.6807 50.9215 49.4773 48.1041 44.643 44.3847 42.72 43.4626 43.909 39.8497 45.0444 27.7308 28.1603 27.1662 48.9183 45.8039 21.6333 17.72 38.1838 59.397 50.1199 40.025 46.0652 0 28.8444 14.8661 10.0499 13.4536 10.6301 51.8652
35.4683 54.3415 55.6597 59.2368 59.2284 62.0322 66.7308 33.2866 32.7567 34.176 29.8329 29.5466 25.9615 27.7308 25 22.0907 25.0599 64.846 15 8.544 50.774 49.7293 53.0848 12.1655 19.0263 43.1045 60.7289 44.7214 64.1405 72.6223 28.8444 0 29.0689 25.7099 15.6525 32.0156 59.2115
21.095 53.7587 52.3927 53.4603 58.5235 56.4358 61.4003 53.7122 40.4969 38.0132 38.0132 33.6155 34.8281 31.9061 34.0588 36.1248 29.4109 59.4138 20.2485 32.5576 41.0488 62.2896 60.208 17.4642 10.4403 52.0096 73.1095 62.0081 53.1507 57.28 14.8661 29.0689 0 5.6569 15.8114 6.3246 66.3702
17.1172 48.7647 47.676 49.0918 53.6004 52.0865 57.0789 48.3011 42.0476 40.1622 39.3573 35.4683 35.8469 33.6155 34.9857 36.2353 30.8707 55.0818 19.8494 28.0713 37.054 56.6392 54.7083 15.2643 9.2195 46.4004 67.4759 56.4004 49.6488 54.7814 10.0499 25.7099 5.6569 0 11.0454 6.3246 60.9016
20.6155 46.0435 46.0977 48.6621 51.0392 51.6236 56.5685 38.2753 39.6232 39.0512 36.6742 34.0588 32.7567 32.0624 31.7805 31.3847 29.0689 54.5894 16.1245 17.0294 38.2753 49.0918 49.0408 9.2195 9.434 39.8121 60.208 47.3814 51.6236 58.8303 13.4536 15.6525 15.8114 11.0454 0 17.0294 55.3624
15.5242 48.8467 47.1275 47.8539 53.4883 50.8035 55.7315 52.9245 46.6476 44.2832 44.1022 39.8246 40.8044 38.0789 40 41.7253 35.5106 53.7587 25.4951 34 35.2278 59.4643 56.4004 21.4709 15 48.7955 70.0071 60.208 47.0425 50.9608 10.6301 32.0156 6.3246 6.3246 17.0294 0 62.426
48.1664 18.0278 22.8035 27.2947 17.0294 27.0185 27.2947 33.6155 91.788 92.574 88.8144 87.6641 84.8528 85.703 83.863 81.3019 82.7647 27.074 70.0928 51.0392 35.7771 13.6015 6.3246 63.3246 64.622 16.1245 13.0384 24.2074 38.2099 50.04 51.8652 59.2115 66.3702 60.9016 55.3624 62.426 0
