12501
92
0 600 58
64 664 64
767 797 935
1596 2196 49
1757 2357 47
1795 2395 48
1828 2428 58
1943 2543 57
2051 2651 51
2161 2761 46
2907 2939 593
2975 3556 50
3950 4550 53
4115 4715 52
4939 5539 50
5102 5702 47
5139 5739 44
5179 5779 51
5211 5811 50
5125 5725 61
5316 5916 58
5461 6061 51
5447 6047 51
5607 6207 51
5697 6297 51
5825 6425 61
5772 6372 64
6015 6615 63
6051 6651 55
6109 6709 39
6342 6942 47
6482 7082 50
6542 7142 51
6710 7310 51
6768 7368 50
6843 7443 51
6798 7398 51
7039 7639 51
7232 7832 50
7326 7926 38
7672 8272 44
7700 8300 67
7832 8432 60
7904 8504 51
8009 8609 55
7979 8579 42
8104 8704 41
8004 8604 43
8193 8793 53
8343 8943 42
8312 8912 47
8497 9097 52
8771 9371 54
8851 9451 42
9032 9632 42
9088 9688 41
9140 9740 56
9189 9789 41
9364 9964 54
9396 9996 44
9532 10132 53
9536 10136 67
9699 10299 49
9703 10303 48
9801 10401 44
9883 10483 59
9968 10568 62
10008 10608 46
10044 10644 49
10153 10753 52
10179 10779 49
10322 10922 53
10400 11000 44
10486 11086 49
10583 11183 39
10084 10687 47
10554 11154 54
10660 11260 41
10754 11354 44
10880 11480 54
10734 11334 59
10941 11541 35
10948 11548 54
10533 11251 60
11171 11771 54
11279 11879 44
11375 11975 46
11311 11911 48
11517 12117 60
12291 12891 36
12386 12986 46
12450 13050 51
0 0 0 0 0 0 0 0 0 0 0 0 0 0 0 0 0 0 0 0 0 0 0 0 0 0 0 0 0 0 0 0 0 0 0 0 0 0 0 0 0 0 0 0 0 0 0 0 0 0 0 0 0 0 0 0 0 0 0 0 0 0 0 0 0 0 0 0 0 0 0 0 0 0 0 0 0 0 0 0 0 0 0 0 0 0 0 0 0 0 0 0 0
0 0 29 24 0 0 12 0 23 26 27 0 0 24 24 0 11 0 14 0 25 0 0 27 0 15 29 28 11 24 15 23 0 0 0 0 0 27 0 0 23 18 31 23 10 18 15 0 18 0 33 11 20 0 0 25 0 24 0 0 18 0 31 0 30 0 0 0 24 0 24 0 0 0 0 18 11 0 25 0 0 24 21 0 24 0 16 10 23 24 23 24 27
0 0 0 24 11 11 10 11 23 25 25 11 11 24 24 11 0 11 15 11 24 11 11 25 11 12 28 27 6 24 12 21 11 11 11 11 11 25 11 11 20 15 31 23 10 19 12 11 15 11 31 0 16 11 11 24 11 24 11 11 15 11 31 11 28 11 11 11 24 11 24 11 11 11 11 15 0 11 24 11 11 23 18 11 23 11 14 10 20 23 20 23 25
0 24 16 0 25 25 24 25 12 11 12 25 25 19 21 25 24 25 24 25 10 25 25 13 25 23 16 14 24 21 23 14 25 25 25 25 25 12 25 25 15 20 23 13 24 23 23 25 20 25 23 24 18 25 25 9 25 22 25 25 20 25 23 25 18 25 25 25 10 25 10 25 25 25 25 20 24 25 9 25 25 11 16 25 11 25 21 24 15 11 15 12 12
0 15 28 24 0 14 15 14 23 25 26 14 14 24 24 14 15 14 0 14 25 14 14 26 14 15 28 27 10 24 14 23 14 14 14 14 14 26 14 14 21 16 31 23 15 12 14 14 16 14 31 15 18 14 14 24 14 24 14 14 16 14 31 14 29 14 14 14 24 14 24 14 14 14 14 16 15 14 24 14 14 24 20 14 24 14 15 15 21 24 21 23 26
0 11 27 23 12 0 10 12 20 24 24 12 12 23 23 12 11 12 12 12 24 12 12 24 12 11 27 25 11 23 11 18 12 12 12 12 12 24 12 12 16 12 29 20 12 10 11 12 12 12 30 11 14 12 12 23 12 23 12 12 12 12 29 12 27 12 12 12 23 12 23 12 12 12 12 12 11 12 23 12 12 23 15 12 23 12 12 12 16 23 16 21 24
0 11 29 24 0 0 0 0 23 26 27 0 0 24 24 0 11 0 14 0 25 0 0 27 0 15 29 28 11 24 15 23 0 0 0 0 0 27 0 0 23 18 31 23 10 18 15 0 18 0 33 11 20 0 0 25 0 24 0 0 18 0 31 0 30 0 0 0 24 0 24 0 0 0 0 18 11 0 25 0 0 24 21 0 24 0 16 10 23 24 23 24 27
0 21 23 12 23 23 20 0 10 16 18 23 23 12 12 23 21 23 23 23 15 23 23 18 23 15 23 21 21 12 15 4 23 23 23 23 23 18 23 23 10 12 24 10 23 16 15 23 12 23 25 21 12 23 23 14 23 14 23 23 12 23 24 23 23 23 23 23 12 23 12 23 23 23 23 12 21 23 14 23 23 12 11 23 12 23 14 23 10 12 10 11 18
0 10 27 23 12 12 0 12 0 24 25 12 12 23 23 12 10 12 15 12 24 12 12 25 12 12 27 26 10 23 12 20 12 12 12 12 12 25 12 12 18 14 30 21 11 19 12 12 14 12 31 10 15 12 12 24 12 24 12 12 14 12 30 12 28 12 12 12 23 12 23 12 12 12 12 14 10 12 24 12 12 23 16 12 23 12 12 11 18 23 18 23 25
0 25 12 12 27 27 25 27 16 0 9 27 27 12 12 27 25 27 26 27 15 27 27 0 27 24 12 15 25 12 24 18 27 27 27 27 27 9 27 27 20 23 18 16 26 24 24 27 23 27 20 25 23 27 27 12 27 12 27 27 23 27 18 27 14 27 27 27 12 27 12 27 27 27 27 23 25 27 12 27 27 14 21 27 15 27 23 26 20 14 20 15 9
0 25 14 19 26 26 24 26 15 0 0 26 26 21 23 26 25 26 25 26 10 26 26 15 26 23 15 12 25 23 23 16 26 26 26 26 26 10 26 26 18 23 20 15 25 24 23 26 23 26 21 25 21 26 26 11 26 24 26 26 23 26 20 26 15 26 26 26 12 26 12 26 26 26 26 23 25 26 11 26 26 12 20 26 12 26 23 25 18 12 18 14 10
0 15 24 18 18 18 14 18 14 23 23 0 18 19 21 18 15 18 16 18 21 18 18 23 18 11 24 24 15 21 11 12 18 18 18 18 18 23 18 18 12 5 27 14 16 18 11 18 4 18 27 15 10 18 18 20 18 22 18 18 10 18 27 18 25 18 18 18 18 18 18 18 18 18 18 7 15 18 20 18 18 16 11 18 16 18 10 16 12 16 12 15 23
0 24 18 14 24 24 23 24 12 12 12 24 0 15 17 24 24 24 24 24 11 24 24 12 24 21 18 15 24 17 21 12 24 24 24 24 24 12 24 24 14 18 23 12 24 23 21 24 18 24 23 24 16 24 24 10 24 18 24 24 18 24 23 24 20 24 24 24 1 24 4 24 24 24 24 18 24 24 10 24 24 10 15 24 10 24 20 24 14 10 14 11 12
0 24 16 19 25 25 24 25 12 11 12 25 25 0 23 25 24 25 24 25 10 25 25 15 25 23 16 14 24 23 23 14 25 25 25 25 25 12 25 25 15 20 23 15 24 23 23 25 20 25 23 24 18 25 25 10 25 24 25 25 20 25 23 25 18 25 25 25 10 25 10 25 25 25 25 20 24 25 10 25 25 11 16 25 11 25 21 24 15 11 15 12 12
0 24 16 16 25 25 24 25 12 11 12 25 25 18 0 25 24 25 24 25 10 25 25 12 25 23 16 14 24 20 23 14 25 25 25 25 25 12 25 25 15 20 23 12 24 23 23 25 20 25 23 24 18 25 25 7 25 21 25 25 20 25 23 25 18 25 25 25 10 25 10 25 25 25 25 20 24 25 7 25 25 11 16 25 11 25 21 24 15 11 15 12 12
0 24 18 16 24 24 23 24 12 12 12 24 24 18 20 0 24 24 24 24 11 24 24 12 24 21 18 15 24 20 21 12 24 24 24 24 24 12 24 24 14 18 23 12 24 23 21 24 18 24 23 24 16 24 24 10 24 21 24 24 18 24 23 24 20 24 24 24 3 24 7 24 24 24 24 18 24 24 10 24 24 10 15 24 10 24 20 24 14 10 14 11 12
0 11 29 24 0 0 12 0 23 26 27 0 0 24 24 0 0 0 14 0 25 0 0 27 0 15 29 28 11 24 15 23 0 0 0 0 0 27 0 0 23 18 31 23 10 18 15 0 18 0 33 11 20 0 0 25 0 24 0 0 18 0 31 0 30 0 0 0 24 0 24 0 0 0 0 18 11 0 25 0 0 24 21 0 24 0 16 10 23 24 23 24 27
0 15 24 18 18 18 14 18 14 23 23 18 18 18 18 18 15 0 16 18 21 18 18 23 18 11 24 24 15 18 11 12 18 18 18 18 18 23 18 18 12 2 27 14 16 12 11 18 3 18 27 15 10 18 18 20 18 18 18 18 2 18 27 18 25 18 18 18 18 18 18 18 18 18 18 0 15 18 20 18 18 16 11 18 16 18 10 16 12 16 12 15 23
0 0 28 24 11 11 10 11 23 25 25 11 11 24 24 11 0 11 0 11 24 11 11 25 11 12 28 27 6 24 12 21 11 11 11 11 11 25 11 11 20 15 31 23 10 19 12 11 15 11 31 0 16 11 11 24 11 24 11 11 15 11 31 11 28 11 11 11 24 11 24 11 11 11 11 15 0 11 24 11 11 23 18 11 23 11 14 10 20 23 20 23 25
0 24 18 14 24 24 23 24 12 12 12 24 24 15 17 24 24 24 24 0 11 24 24 12 24 21 18 15 24 17 21 12 24 24 24 24 24 12 24 24 14 18 23 12 24 23 21 24 18 24 23 24 16 24 24 10 24 18 24 24 18 24 23 24 20 24 24 24 1 24 4 24 24 24 24 18 24 24 10 24 24 10 15 24 10 24 20 24 14 10 14 11 12
0 11 29 24 0 0 12 0 23 26 27 0 0 24 24 0 11 0 14 0 0 0 0 27 0 15 29 28 11 24 15 23 0 0 0 0 0 27 0 0 23 18 31 23 10 18 15 0 18 0 33 11 20 0 0 25 0 24 0 0 18 0 31 0 30 0 0 0 24 0 24 0 0 0 0 18 11 0 25 0 0 24 21 0 24 0 16 10 23 24 23 24 27
0 23 23 12 23 23 21 23 0 15 16 23 23 12 12 23 23 23 23 23 14 0 23 16 23 16 23 20 23 12 16 10 23 23 23 23 23 16 23 23 11 14 24 4 23 18 16 23 14 23 24 23 12 23 23 12 23 14 23 23 14 23 24 23 23 23 23 23 12 23 12 23 23 23 23 14 23 23 12 23 23 11 12 23 11 23 15 23 11 11 11 10 16
0 24 16 19 25 25 24 25 12 11 12 25 25 21 23 25 24 25 24 25 10 25 0 15 25 23 16 14 24 23 23 14 25 25 25 25 25 12 25 25 15 20 23 15 24 23 23 25 20 25 23 24 18 25 25 10 25 24 25 25 20 25 23 25 18 25 25 25 10 25 10 25 25 25 25 20 24 25 10 25 25 11 16 25 11 25 21 24 15 11 15 12 12
0 24 15 19 25 25 24 25 14 10 11 25 25 21 23 25 24 25 25 25 0 25 25 0 25 23 15 12 24 23 23 15 25 25 25 25 25 11 25 25 16 21 21 15 25 23 23 25 21 25 23 24 20 25 25 10 25 24 25 25 21 25 21 25 16 25 25 25 11 25 11 25 25 25 25 21 24 25 10 25 25 12 18 25 12 25 23 25 16 12 16 12 11
0 24 16 14 25 25 24 25 12 11 12 25 25 15 17 25 24 25 24 25 10 25 25 12 0 23 16 14 24 17 23 14 25 25 25 25 25 12 25 25 15 20 23 12 24 23 23 25 20 25 23 24 18 25 25 4 25 18 25 25 20 25 23 25 18 25 25 25 10 25 10 25 25 25 25 20 24 25 4 25 25 11 16 25 11 25 21 24 15 11 15 12 12
0 11 29 24 0 0 12 0 23 26 27 0 0 24 24 0 11 0 14 0 25 0 0 27 0 0 29 28 11 24 15 23 0 0 0 0 0 27 0 0 23 18 31 23 10 18 15 0 18 0 33 11 20 0 0 25 0 24 0 0 18 0 31 0 30 0 0 0 24 0 24 0 0 0 0 18 11 0 25 0 0 24 21 0 24 0 16 10 23 24 23 24 27
0 12 25 21 15 15 12 15 16 23 24 15 15 21 23 15 12 15 15 15 23 15 15 24 15 0 0 24 12 23 9 15 15 15 15 15 15 24 15 15 14 11 28 16 14 19 10 15 11 15 28 12 12 15 15 23 15 24 15 15 11 15 28 15 26 15 15 15 21 15 21 15 15 15 15 11 12 15 23 15 15 20 12 15 20 15 10 14 14 20 14 18 24
0 11 29 24 0 0 12 0 23 26 27 0 0 24 24 0 11 0 14 0 25 0 0 27 0 15 29 0 11 24 15 23 0 0 0 0 0 27 0 0 23 18 31 23 10 18 15 0 18 0 33 11 20 0 0 25 0 24 0 0 18 0 31 0 30 0 0 0 24 0 24 0 0 0 0 18 11 0 25 0 0 24 21 0 24 0 16 10 23 24 23 24 27
0 27 11 19 28 28 26 28 20 12 11 28 28 21 23 28 27 28 27 28 12 28 28 15 28 24 15 0 0 23 24 21 28 28 28 28 28 11 28 28 23 24 15 20 27 25 24 28 24 28 16 27 23 28 28 14 28 24 28 28 24 28 15 28 12 28 28 28 15 28 15 28 28 28 28 24 27 28 14 28 28 16 23 28 16 28 24 27 23 16 23 18 11
0 24 16 19 25 25 24 25 12 11 12 25 25 21 23 25 24 25 24 25 10 25 25 15 25 23 16 14 24 0 23 14 25 25 25 25 25 12 25 25 15 20 23 15 24 23 23 25 20 25 23 24 18 25 25 10 25 24 25 25 20 25 23 25 18 25 25 25 10 25 10 25 25 25 25 20 24 25 10 25 25 11 16 25 11 25 21 24 15 11 15 12 12
0 12 25 21 15 15 12 15 16 23 24 15 15 21 21 15 12 15 14 15 23 15 15 24 15 1 25 24 12 21 0 15 15 15 15 15 15 24 15 15 14 11 28 16 14 18 9 15 11 15 28 12 12 15 15 23 15 22 15 15 11 15 28 15 26 15 15 15 21 15 21 15 15 15 15 11 12 15 23 15 15 20 12 15 20 15 10 14 14 20 14 18 24
0 12 25 21 15 15 12 15 16 23 24 15 15 21 23 15 12 15 15 15 23 15 15 24 15 0 25 24 12 23 9 0 15 15 15 15 15 24 15 15 14 11 28 16 14 19 10 15 11 15 28 12 12 15 15 23 15 24 15 15 11 15 28 15 26 15 15 15 21 15 21 15 15 15 15 11 12 15 23 15 15 20 12 15 20 15 10 14 14 20 14 18 24
0 20 23 14 23 23 18 23 11 18 20 23 23 14 16 23 20 23 21 23 16 23 23 20 23 14 23 23 20 16 14 10 0 23 23 23 23 20 23 23 1 12 25 11 21 15 14 23 12 23 25 20 11 23 23 15 23 17 23 23 12 23 25 23 24 23 23 23 14 23 14 23 23 23 23 12 20 23 15 23 23 12 10 23 12 23 12 21 1 12 1 12 20
0 24 16 12 25 25 24 25 12 11 12 25 25 14 16 25 24 25 24 25 10 25 25 12 25 23 16 14 24 16 23 14 25 0 25 25 25 12 25 25 15 20 23 12 24 23 23 25 20 25 23 24 18 25 25 3 25 17 25 25 20 25 23 25 18 25 25 25 10 25 10 25 25 25 25 20 24 25 3 25 25 11 16 25 11 25 21 24 15 11 15 12 12
0 24 16 10 25 25 24 25 12 11 12 25 25 10 11 25 24 25 24 25 11 25 25 12 25 23 16 14 24 11 23 14 25 25 0 25 25 12 25 25 15 20 23 12 24 23 23 25 20 25 23 24 18 25 25 1 25 12 25 25 20 25 23 25 18 25 25 25 10 25 10 25 25 25 25 20 24 25 1 25 25 11 16 25 11 25 21 24 15 11 15 12 12
0 24 18 11 24 24 23 24 12 12 12 24 24 12 15 24 24 24 24 24 11 24 24 12 24 21 18 15 24 15 21 12 24 24 24 0 24 12 24 24 14 18 23 12 24 23 21 24 18 24 23 24 16 24 24 10 24 16 24 24 18 24 23 24 20 24 24 24 1 24 2 24 24 24 24 18 24 24 10 24 24 10 15 24 10 24 20 24 14 10 14 11 12
0 24 16 10 25 25 24 25 12 12 12 25 25 10 10 25 24 25 24 25 12 25 25 12 25 23 16 14 24 10 23 14 25 25 25 25 0 12 25 25 15 20 23 12 24 23 23 25 20 25 23 24 18 25 25 2 25 11 25 25 20 25 23 25 18 25 25 25 10 25 10 25 25 25 25 20 24 25 2 25 25 11 16 25 12 25 21 24 15 11 15 12 12
0 23 21 19 24 24 23 24 10 14 15 24 24 21 23 24 23 24 23 24 12 24 24 15 24 18 21 18 23 23 18 11 24 24 24 24 24 0 24 24 12 15 24 15 23 20 18 24 15 24 24 23 14 24 24 12 24 24 24 24 15 24 24 24 23 24 24 24 11 24 11 24 24 24 24 15 23 24 12 24 24 10 12 24 10 24 16 23 12 10 12 0 15
0 24 16 10 25 25 24 25 12 12 12 25 25 10 10 25 24 25 24 25 12 25 25 12 25 23 16 14 24 10 23 14 25 25 25 25 25 12 0 25 15 20 23 12 24 23 23 25 20 25 23 24 18 25 25 2 25 11 25 25 20 25 23 25 18 25 25 25 10 25 10 25 25 25 25 20 24 25 2 25 25 11 16 25 12 25 21 24 15 11 15 12 12
0 24 18 9 24 24 23 24 12 12 12 24 24 10 12 24 24 24 24 24 11 24 24 12 24 21 18 15 24 12 21 12 24 24 24 24 24 12 24 0 14 18 23 12 24 23 21 24 18 24 23 24 16 24 24 10 24 13 24 24 18 24 23 24 20 24 24 24 3 24 0 24 24 24 24 18 24 24 10 24 24 10 15 24 10 24 20 24 14 10 14 11 12
0 20 23 18 23 23 18 23 11 18 20 23 23 19 21 23 20 23 21 23 16 23 23 20 23 14 23 23 20 21 14 10 23 23 23 23 23 20 23 23 0 12 25 13 21 18 14 23 12 23 25 20 11 23 23 15 23 22 23 23 12 23 25 23 24 23 23 23 14 23 14 23 23 23 23 12 20 23 15 23 23 12 10 23 12 23 12 21 6 12 4 12 20
0 20 23 18 23 23 18 23 11 18 20 23 23 19 21 23 20 23 21 23 16 23 23 20 23 14 23 23 20 21 14 10 23 23 23 23 23 20 23 23 6 0 25 13 21 18 14 23 12 23 25 20 11 23 23 15 23 22 23 23 12 23 25 23 24 23 23 23 14 23 14 23 23 23 23 12 20 23 15 23 23 12 10 23 12 23 12 21 6 12 4 12 20
0 11 29 24 0 0 12 0 23 26 27 0 0 24 24 0 11 0 14 0 25 0 0 27 0 15 29 28 11 24 15 23 0 0 0 0 0 27 0 0 23 18 0 23 10 18 15 0 18 0 33 11 20 0 0 25 0 24 0 0 18 0 31 0 30 0 0 0 24 0 24 0 0 0 0 18 11 0 25 0 0 24 21 0 24 0 16 10 23 24 23 24 27
0 31 12 23 31 31 30 31 24 20 18 31 31 23 23 31 31 31 31 31 21 31 31 18 31 28 15 15 31 23 28 24 31 31 31 31 31 18 31 31 25 27 0 0 31 28 28 31 27 31 10 31 26 31 31 23 31 24 31 31 27 31 0 31 12 31 31 31 23 31 23 31 31 31 31 27 31 31 23 31 31 23 25 31 23 31 27 31 25 23 25 24 18
0 15 28 24 14 14 15 14 23 25 26 14 14 24 24 14 15 14 0 14 25 14 14 26 14 15 28 27 10 24 14 23 14 14 14 14 14 26 14 14 21 16 31 23 0 12 14 14 16 14 31 15 18 14 14 24 14 24 14 14 16 14 31 14 29 14 14 14 24 14 24 14 14 14 14 16 15 14 24 14 14 24 20 14 24 14 15 15 21 24 21 23 26
0 10 28 24 10 10 11 10 23 25 26 10 10 24 24 10 10 10 15 10 25 10 10 26 10 14 28 27 10 24 14 23 10 10 10 10 10 26 10 10 21 16 31 23 0 0 14 10 16 10 31 10 18 10 10 24 10 24 10 10 16 10 31 10 29 10 10 10 24 10 24 10 10 10 10 16 10 10 24 10 10 24 20 10 24 10 15 0 21 24 21 23 26
0 14 25 20 16 16 12 16 15 23 23 16 16 21 23 16 14 16 15 16 23 16 16 23 16 10 25 24 14 23 10 14 16 16 16 16 16 23 16 16 12 10 27 15 15 19 0 16 10 16 28 14 11 16 16 21 16 24 16 16 11 16 27 16 25 16 16 16 20 16 20 16 16 16 16 10 14 16 21 16 16 18 12 16 18 16 6 15 12 18 12 16 23
0 12 25 21 15 15 12 15 16 23 24 15 15 21 21 15 12 15 14 15 23 15 15 24 15 9 25 24 12 21 0 15 15 15 15 15 15 24 15 15 14 11 28 16 14 10 1 0 11 15 28 12 12 15 15 23 15 21 15 15 11 15 28 15 26 15 15 15 21 15 21 15 15 15 15 11 12 15 23 15 15 20 12 15 20 15 10 14 14 20 14 18 24
0 18 24 18 21 21 16 21 12 20 21 21 21 19 21 21 18 21 20 21 18 21 21 21 21 12 24 23 18 21 12 11 21 21 21 21 21 21 21 21 10 11 25 13 20 18 12 21 0 21 26 18 10 21 21 16 21 22 21 21 11 21 25 21 24 21 21 21 15 21 15 21 21 21 21 11 18 21 16 21 21 14 5 21 14 21 12 20 10 14 10 12 21
0 26 12 14 27 27 25 27 18 11 10 27 27 14 16 27 26 27 27 27 12 27 27 10 27 24 12 10 26 16 24 20 27 27 27 27 27 10 27 27 21 23 16 18 27 24 24 27 23 0 18 26 23 27 27 12 27 17 27 27 23 27 16 27 12 27 27 27 14 27 14 27 27 27 27 23 26 27 12 27 27 15 23 27 15 27 24 27 21 15 21 16 10
0 31 14 23 33 33 31 33 24 21 20 33 33 23 23 33 31 33 31 33 23 33 33 20 33 28 15 16 31 23 28 25 33 33 33 33 33 20 33 33 25 27 10 24 31 29 28 33 27 33 0 31 27 33 33 23 33 24 33 33 27 33 10 33 12 33 33 33 23 33 23 33 33 33 33 27 31 33 23 33 33 24 26 33 24 33 28 31 25 24 25 24 20
0 11 29 24 0 0 12 0 23 26 27 0 0 24 24 0 11 0 14 0 25 0 0 27 0 15 29 28 11 24 15 23 0 0 0 0 0 27 0 0 23 18 31 23 10 18 15 0 18 0 33 0 20 0 0 25 0 24 0 0 18 0 31 0 30 0 0 0 24 0 24 0 0 0 0 18 11 0 25 0 0 24 21 0 24 0 16 10 23 24 23 24 27
0 0 28 24 11 11 10 11 23 25 25 11 11 24 24 11 0 11 15 11 24 11 11 25 11 12 28 27 6 24 12 21 11 11 11 11 11 25 11 11 20 15 31 23 10 19 12 11 15 11 31 0 0 11 11 24 11 24 11 11 15 11 31 11 28 11 11 11 24 11 24 11 11 11 11 15 0 11 24 11 11 23 18 11 23 11 14 10 20 23 20 23 25
0 26 12 14 27 27 25 27 18 11 10 27 27 14 16 27 26 27 27 27 12 27 27 10 27 24 12 10 26 16 24 20 27 27 27 27 27 10 27 27 21 23 16 18 27 24 24 27 23 27 18 26 23 0 27 12 27 17 27 27 23 27 16 27 12 27 27 27 14 27 14 27 27 27 27 23 26 27 12 27 27 15 23 27 15 27 24 27 21 15 21 16 10
0 12 25 21 15 15 12 15 16 23 24 15 15 21 21 15 12 15 14 15 23 15 15 24 15 11 25 24 12 21 2 15 15 15 15 15 15 24 15 15 14 11 28 16 14 10 1 15 11 15 28 12 12 15 0 23 15 21 15 15 11 15 28 15 26 15 15 15 21 15 21 15 15 15 15 11 12 15 23 15 15 20 12 15 20 15 10 14 14 20 14 18 24
0 24 16 19 25 25 24 25 12 11 12 25 25 21 23 25 24 25 24 25 10 25 25 15 25 23 16 14 24 23 23 14 25 25 25 25 25 12 25 25 15 20 23 15 24 23 23 25 20 25 23 24 18 25 25 0 25 24 25 25 20 25 23 25 18 25 25 25 10 25 10 25 25 25 25 20 24 25 10 25 25 11 16 25 11 25 21 24 15 11 15 12 12
0 12 25 21 15 15 12 15 16 23 24 15 15 21 21 15 12 15 14 15 23 15 15 24 15 9 25 24 12 21 0 15 15 15 15 15 15 24 15 15 14 11 28 16 14 10 1 15 11 15 28 12 12 15 15 23 0 21 15 15 11 15 28 15 26 15 15 15 21 15 21 15 15 15 15 11 12 15 23 15 15 20 12 15 20 15 10 14 14 20 14 18 24
0 24 16 19 25 25 24 25 12 11 12 25 25 21 23 25 24 25 24 25 10 25 25 15 25 23 16 14 24 23 23 14 25 25 25 25 25 12 25 25 15 20 23 15 24 23 23 25 20 25 23 24 18 25 25 10 25 0 25 25 20 25 23 25 18 25 25 25 10 25 10 25 25 25 25 20 24 25 10 25 25 11 16 25 11 25 21 24 15 11 15 12 12
0 12 25 21 15 15 12 15 16 23 24 15 15 21 21 15 12 15 14 15 23 15 15 24 15 10 25 24 12 21 1 15 15 15 15 15 15 24 15 15 14 11 28 16 14 10 0 15 11 15 28 12 12 15 15 23 15 21 0 15 11 15 28 15 26 15 15 15 21 15 21 15 15 15 15 11 12 15 23 15 15 20 12 15 20 15 10 14 14 20 14 18 24
0 26 12 14 27 27 25 27 18 11 10 27 27 14 14 27 26 27 27 27 12 27 27 10 27 24 12 10 26 14 24 20 27 27 27 27 27 10 27 27 21 23 16 18 27 24 24 27 23 27 18 26 23 27 27 12 27 15 27 0 23 27 16 27 12 27 27 27 14 27 14 27 27 27 27 23 26 27 12 27 27 15 23 27 15 27 24 27 21 15 21 16 10
0 20 23 18 23 23 18 23 11 18 20 23 23 19 21 23 20 23 21 23 16 23 23 20 23 14 23 23 20 21 14 10 23 23 23 23 23 20 23 23 6 12 25 13 21 18 14 23 12 23 25 20 11 23 23 15 23 22 23 23 0 23 25 23 24 23 23 23 14 23 14 23 23 23 23 12 20 23 15 23 23 12 10 23 12 23 12 21 6 12 4 12 20
0 26 12 14 27 27 25 27 18 11 10 27 27 14 15 27 26 27 27 27 12 27 27 10 27 24 12 10 26 15 24 20 27 27 27 27 27 10 27 27 21 23 16 18 27 24 24 27 23 27 18 26 23 27 27 12 27 16 27 27 23 0 16 27 12 27 27 27 14 27 14 27 27 27 27 23 26 27 12 27 27 15 23 27 15 27 24 27 21 15 21 16 10
0 11 29 24 0 0 12 0 23 26 27 0 0 24 24 0 11 0 14 0 25 0 0 27 0 15 29 28 11 24 15 23 0 0 0 0 0 27 0 0 23 18 31 23 10 18 15 0 18 0 33 11 20 0 0 25 0 24 0 0 18 0 0 0 30 0 0 0 24 0 24 0 0 0 0 18 11 0 25 0 0 24 21 0 24 0 16 10 23 24 23 24 27
0 20 23 14 23 23 18 23 11 18 20 23 23 14 15 23 20 23 21 23 16 23 23 20 23 14 23 23 20 15 14 10 23 23 23 23 23 20 23 23 0 12 25 11 21 15 14 23 12 23 25 20 11 23 23 15 23 16 23 23 12 23 25 0 24 23 23 23 14 23 14 23 23 23 23 12 20 23 15 23 23 12 10 23 12 23 12 21 0 12 2 12 20
0 31 12 23 31 31 30 31 24 20 18 31 31 23 23 31 31 31 31 31 21 31 31 18 31 28 15 15 31 23 28 24 31 31 31 31 31 18 31 31 25 27 0 24 31 28 28 31 27 31 10 31 26 31 31 23 31 24 31 31 27 31 0 31 0 31 31 31 23 31 23 31 31 31 31 27 31 31 23 31 31 23 25 31 23 31 27 31 25 23 25 24 18
0 15 24 19 18 18 14 18 14 23 23 18 18 21 23 18 15 18 16 18 21 18 18 23 18 11 24 24 15 23 11 12 18 18 18 18 18 23 18 18 12 6 27 15 16 19 11 18 5 18 27 15 10 18 18 20 18 24 18 18 11 18 27 18 25 0 18 18 18 18 18 18 18 18 18 9 15 18 20 18 18 16 11 18 16 18 10 16 12 16 12 15 23
0 23 21 11 24 24 23 24 10 14 15 24 24 11 12 24 23 24 23 24 12 24 24 15 24 18 21 18 23 12 18 11 24 24 24 24 24 15 24 24 12 15 24 10 23 20 18 24 15 24 24 23 14 24 24 12 24 14 24 24 15 24 24 24 23 24 0 24 11 24 11 24 24 24 24 15 23 24 12 24 24 10 12 24 10 24 16 23 12 10 12 10 15
0 25 12 13 27 27 25 27 16 10 0 27 27 15 17 27 25 27 26 27 11 27 27 9 27 24 12 11 25 17 24 18 27 27 27 27 27 0 27 27 20 23 18 16 26 24 24 27 23 27 20 25 23 27 27 12 27 18 27 27 23 27 18 27 14 27 27 0 12 27 12 27 27 27 27 23 25 27 12 27 27 14 21 27 14 27 23 26 20 14 20 15 0
0 20 23 18 23 23 18 23 11 18 20 23 23 19 21 23 20 23 21 23 16 23 23 20 23 14 23 23 20 21 14 10 23 23 23 23 23 20 23 23 6 12 25 13 21 18 14 23 12 23 25 20 11 23 23 15 23 22 23 23 12 23 25 23 24 23 23 23 0 23 14 23 23 23 23 12 20 23 15 23 23 12 10 23 12 23 12 21 6 12 4 12 20
0 20 23 19 23 23 18 23 11 18 20 23 23 21 23 23 20 23 21 23 16 23 23 20 23 14 23 23 20 23 14 10 23 23 23 23 23 20 23 23 8 12 25 15 21 19 14 23 12 23 25 20 11 23 23 15 23 24 23 23 12 23 25 23 24 23 23 23 14 0 14 23 23 23 23 12 20 23 15 23 23 12 10 23 12 23 12 21 8 12 5 12 20
0 14 25 20 16 16 12 16 15 23 23 16 16 21 23 16 14 16 15 16 23 16 16 23 16 10 25 24 14 23 10 14 16 16 16 16 16 23 16 16 12 10 27 15 15 19 10 16 10 16 28 14 11 16 16 21 16 24 16 16 11 16 27 16 25 16 16 16 20 16 0 16 16 16 16 10 14 16 21 16 16 18 12 16 18 16 6 15 12 18 12 16 23
0 20 23 14 23 23 18 23 11 18 20 23 23 14 14 23 20 23 21 23 16 23 23 20 23 14 23 23 20 14 14 10 23 23 23 23 23 20 23 23 3 12 25 11 21 15 14 23 12 23 25 20 11 23 23 15 23 14 23 23 12 23 25 23 24 23 23 23 14 23 14 0 23 23 23 12 20 23 15 23 23 12 10 23 12 23 12 21 3 12 6 12 20
0 26 12 14 27 27 25 27 18 11 10 27 27 14 14 27 26 27 27 27 12 27 27 10 27 24 12 10 26 14 24 20 27 27 27 27 27 10 27 27 21 23 16 18 27 24 24 27 23 27 18 26 23 27 27 12 27 15 27 27 23 27 16 27 12 27 27 27 14 27 14 27 0 27 27 23 26 27 12 27 27 15 23 27 15 27 24 27 21 15 21 16 10
0 15 24 18 18 18 14 18 14 23 23 18 18 18 18 18 15 18 16 18 21 18 18 23 18 11 24 24 15 18 11 12 18 18 18 18 18 23 18 18 12 0 27 14 16 12 11 18 1 18 27 15 10 18 18 20 18 18 18 18 4 18 27 18 25 18 18 18 18 18 18 18 18 0 18 2 15 18 20 18 18 16 11 18 16 18 10 16 12 16 12 15 23
0 21 23 14 23 23 20 23 10 16 18 23 23 15 17 23 21 23 23 23 15 23 23 18 23 15 23 21 21 17 15 0 23 23 23 23 23 18 23 23 10 12 24 10 23 16 15 23 12 23 25 21 12 23 23 14 23 18 23 23 12 23 24 23 23 23 23 23 12 23 12 23 23 23 0 12 21 23 14 23 23 12 11 23 12 23 14 23 10 12 10 11 18
0 15 24 18 18 18 14 18 14 23 23 18 18 19 21 18 15 18 16 18 21 18 18 23 18 11 24 24 15 21 11 12 18 18 18 18 18 23 18 18 12 5 27 14 16 18 11 18 4 18 27 15 10 18 18 20 18 22 18 18 10 18 27 18 25 18 18 18 18 18 18 18 18 18 18 0 15 18 20 18 18 16 11 18 16 18 10 16 12 16 12 15 23
0 11 29 24 0 0 12 0 23 26 27 0 0 24 24 0 11 0 14 0 25 0 0 27 0 15 29 28 11 24 15 23 0 0 0 0 0 27 0 0 23 18 31 23 10 18 15 0 18 0 33 11 20 0 0 25 0 24 0 0 18 0 31 0 30 0 0 0 24 0 24 0 0 0 0 18 0 0 25 0 0 24 21 0 24 0 16 10 23 24 23 24 27
0 27 11 15 28 28 26 28 20 12 11 28 28 15 16 28 27 28 27 28 12 28 28 11 28 24 11 6 27 16 24 21 28 28 28 28 28 11 28 28 23 24 15 20 27 25 24 28 24 28 16 27 23 28 28 14 28 17 28 28 24 28 15 28 12 28 28 28 15 28 15 28 28 28 28 24 27 0 14 28 28 16 23 28 16 28 24 27 23 16 23 18 11
0 24 16 18 25 25 24 25 12 11 12 25 25 19 21 25 24 25 24 25 10 25 25 13 25 23 16 14 24 21 23 14 25 25 25 25 25 12 25 25 15 20 23 13 24 23 23 25 20 25 23 24 18 25 25 9 25 22 25 25 20 25 23 25 18 25 25 25 10 25 10 25 25 25 25 20 24 25 0 25 25 11 16 25 11 25 21 24 15 11 15 12 12
0 15 24 18 18 18 14 18 14 23 23 18 18 18 18 18 15 18 16 18 21 18 18 23 18 11 24 24 15 18 11 12 18 18 18 18 18 23 18 18 12 1 27 14 16 14 11 18 0 18 27 15 10 18 18 20 18 18 18 18 6 18 27 18 25 18 18 18 18 18 18 18 18 18 18 3 15 18 20 0 18 16 11 18 16 18 10 16 12 16 12 15 23
0 27 11 15 28 28 26 28 20 12 11 28 28 15 16 28 27 28 27 28 12 28 28 11 28 24 11 6 27 16 24 21 28 28 28 28 28 11 28 28 23 24 15 20 27 25 24 28 24 28 16 27 23 28 28 14 28 17 28 28 24 28 15 28 12 28 28 28 15 28 15 28 28 28 28 24 27 28 14 28 0 16 23 28 16 28 24 27 23 16 23 18 11
0 0 28 24 11 11 10 11 23 25 25 11 11 24 24 11 0 11 15 11 24 11 11 25 11 12 28 27 6 24 12 21 11 11 11 11 11 25 11 11 20 15 31 23 10 19 12 11 15 11 31 0 16 11 11 24 11 24 11 11 15 11 31 11 28 11 11 11 24 11 24 11 11 11 11 15 0 11 24 11 11 0 18 11 23 11 14 10 20 23 20 23 25
0 18 24 16 21 21 16 21 12 20 21 21 21 18 20 21 18 21 20 21 18 21 21 21 21 12 24 23 18 20 12 11 21 21 21 21 21 21 21 21 10 11 25 12 20 16 12 21 11 21 26 18 10 21 21 16 21 21 21 21 11 21 25 21 24 21 21 21 15 21 15 21 21 21 21 11 18 21 16 21 21 14 0 21 14 21 12 20 10 14 10 12 21
0 27 11 15 28 28 26 28 20 12 11 28 28 15 16 28 27 28 27 28 12 28 28 11 28 24 11 6 27 16 24 21 28 28 28 28 28 11 28 28 23 24 15 20 27 25 24 28 24 28 16 27 23 28 28 14 28 17 28 28 24 28 15 28 12 28 28 28 15 28 15 28 28 28 28 24 27 28 14 28 28 16 23 0 16 28 24 27 23 16 23 18 11
0 11 29 24 0 0 12 0 23 26 27 0 0 24 24 0 11 0 14 0 25 0 0 27 0 15 29 28 11 24 15 23 0 0 0 0 0 27 0 0 23 18 31 23 10 18 15 0 18 0 33 11 20 0 0 25 0 24 0 0 18 0 31 0 30 0 0 0 24 0 24 0 0 0 0 18 11 0 25 0 0 24 21 0 0 0 16 10 23 24 23 24 27
0 27 11 15 28 28 26 28 20 12 11 28 28 15 15 28 27 28 27 28 12 28 28 11 28 24 11 8 27 15 24 21 28 28 28 28 28 11 28 28 23 24 15 20 27 25 24 28 24 28 16 27 23 28 28 14 28 16 28 28 24 28 15 28 12 28 28 28 15 28 15 28 28 28 28 24 27 28 14 28 28 16 23 28 16 0 24 27 23 16 23 18 11
0 18 24 19 21 21 16 21 12 20 21 21 21 21 23 21 18 21 20 21 18 21 21 21 21 12 24 23 18 23 12 11 21 21 21 21 21 21 21 21 10 11 25 15 20 19 12 21 11 21 26 18 10 21 21 16 21 24 21 21 11 21 25 21 24 21 21 21 15 21 15 21 21 21 21 11 18 21 16 21 21 14 6 21 14 21 0 20 10 14 10 12 21
0 11 29 24 0 0 12 0 23 26 27 0 0 24 24 0 11 0 14 0 25 0 0 27 0 15 29 28 11 24 15 23 0 0 0 0 0 27 0 0 23 18 31 23 10 18 15 0 18 0 33 11 20 0 0 25 0 24 0 0 18 0 31 0 30 0 0 0 24 0 24 0 0 0 0 18 11 0 25 0 0 24 21 0 24 0 16 0 23 24 23 24 27
0 23 20 19 24 24 23 24 11 12 14 24 24 21 23 24 23 24 24 24 12 24 24 15 24 20 20 16 23 23 20 12 24 24 24 24 24 14 24 24 12 16 23 15 24 21 20 24 16 24 24 23 15 24 24 11 24 24 24 24 16 24 23 24 21 24 24 24 10 24 10 24 24 24 24 16 23 24 11 24 24 10 14 24 0 24 18 24 0 10 12 10 14
0 10 28 24 10 10 11 10 23 25 26 10 10 24 24 10 10 10 15 10 25 10 10 26 10 14 28 27 10 24 14 23 10 10 10 10 10 26 10 10 21 16 31 23 0 19 14 10 16 10 31 10 18 10 10 24 10 24 10 10 16 10 31 10 29 10 10 10 24 10 24 10 10 10 10 16 10 10 24 10 10 24 20 10 24 10 15 0 21 0 21 23 26
0 20 23 18 23 23 18 23 11 18 20 23 23 19 21 23 20 23 21 23 16 23 23 20 23 14 23 23 20 21 14 10 23 23 23 23 23 20 23 23 6 12 25 13 21 18 14 23 12 23 25 20 11 23 23 15 23 22 23 23 12 23 25 23 24 23 23 23 14 23 14 23 23 23 23 12 20 23 15 23 23 12 10 23 12 23 12 21 6 12 0 12 20
0 23 20 10 24 24 23 24 11 12 14 24 24 10 12 24 23 24 24 24 12 24 24 14 24 20 20 16 23 12 20 12 24 24 24 24 24 14 24 24 12 16 23 11 24 21 20 24 16 24 24 23 15 24 24 11 24 14 24 24 16 24 23 24 21 24 24 24 10 24 10 24 24 24 24 16 23 24 11 24 24 0 14 24 10 24 18 24 12 0 12 0 14
0 23 21 19 24 24 23 24 10 14 15 24 24 21 23 24 23 24 23 24 12 24 24 15 24 18 21 18 23 23 18 11 24 24 24 24 24 15 24 24 12 15 24 15 23 20 18 24 15 24 24 23 14 24 24 12 24 24 24 24 15 24 24 24 23 24 24 24 11 24 11 24 24 24 24 15 23 24 12 24 24 10 12 24 10 24 16 23 12 10 12 0 0
