2351
15
0 600 70
76 676 46
808 1408 35
845 1445 35
895 1495 66
1136 1736 42
1403 2003 53
1426 2026 56
1556 2156 55
1594 2194 48
1707 2307 55
1626 2226 53
1602 2202 34
2236 2836 46
2300 2900 51
0 0 0 0 0 0 0 0 0 0 0 0 0 0 0 0
0 0 11 10 0 23 15 15 16 18 24 20 15 10 14 16
0 0 0 11 10 23 14 21 15 19 24 19 21 11 15 18
0 11 12 0 10 23 16 18 18 20 24 21 18 2 12 15
0 10 11 10 0 23 15 18 16 18 24 20 18 10 14 16
0 24 24 23 23 0 26 23 27 27 31 28 23 23 18 15
0 12 12 15 14 16 0 21 11 19 21 19 21 15 21 23
0 12 12 15 14 16 10 0 11 19 21 19 21 15 21 23
0 24 24 25 24 12 21 24 0 18 10 18 24 25 27 28
0 15 14 18 16 14 10 21 0 0 18 19 21 18 23 24
0 23 21 23 23 0 15 23 14 12 0 12 23 23 25 26
0 24 23 24 24 12 20 24 18 19 0 0 24 24 27 28
0 12 12 15 14 16 10 21 11 19 21 19 0 15 21 23
0 11 12 3 10 23 16 18 18 20 24 21 18 0 12 15
0 16 18 14 15 25 23 15 23 24 27 24 15 14 0 10
0 15 16 12 14 25 23 21 23 23 27 24 21 12 0 0
