4481
19
0 4200 3415
337 4537 47
65 4265 38
3359 7559 36
1988 6188 63
3347 7547 62
3444 7644 51
976 5176 47
3769 7969 52
2314 6514 50
115 4315 42
682 4882 41
2528 6728 60
3769 7969 59
3893 8093 59
899 5099 67
1419 5619 51
4235 8435 50
2649 6849 56
0 0 0 0 0 0 0 0 0 0 0 0 0 0 0 0 0 0 0 0
0 0 23 12 12 11 18 23 20 15 18 10 14 12 23 12 20 21 20 20
0 20 0 14 14 15 24 12 10 20 24 16 23 23 12 23 10 25 25 25
0 12 18 0 4 10 23 18 15 13 23 11 18 16 18 15 15 23 23 23
0 12 18 6 0 10 23 18 15 13 23 11 18 16 18 15 15 23 23 23
0 25 33 27 27 0 21 33 31 25 21 26 23 24 33 24 31 18 20 20
0 23 0 18 18 20 0 0 11 23 26 21 24 24 0 24 11 27 27 27
0 14 16 10 10 11 23 0 14 15 23 12 20 18 16 16 14 24 23 23
0 23 0 18 18 20 26 0 0 23 26 21 24 24 0 24 11 27 27 27
0 16 26 23 23 21 0 26 25 0 10 20 12 12 26 14 25 11 10 10
0 10 23 12 12 11 18 23 20 15 0 10 14 12 23 12 20 21 20 20
0 10 23 12 12 11 18 23 20 15 18 0 14 12 23 12 20 21 20 20
0 12 24 18 18 16 12 24 24 13 12 15 0 10 24 11 24 14 12 12
0 23 0 18 18 20 26 0 11 23 26 21 24 0 0 24 11 27 27 27
0 11 24 15 15 14 14 24 23 11 14 12 11 10 0 0 23 16 15 15
0 21 11 15 15 16 25 11 0 21 25 18 24 23 11 0 6 26 25 25
0 25 33 27 27 27 21 33 31 25 21 26 23 24 33 24 0 18 20 20
0 20 27 23 23 23 15 27 26 20 11 23 14 15 27 16 26 0 10 10
0 12 24 16 16 15 12 24 23 15 12 14 10 0 24 10 23 15 0 14
0 25 33 27 27 27 21 33 31 25 21 26 23 24 33 24 31 18 20 0
