2596
16
0 300 65
18 318 44
100 400 52
124 424 62
292 592 47
40 399 45
211 460 55
462 762 49
1298 1598 34
1583 1883 49
1619 1919 47
1731 2031 46
1989 2289 42
2439 2739 42
2504 2804 38
2554 2854 42
0 0 0 0 0 0 0 0 0 0 0 0 0 0 0 0 0
0 0 11 21 11 8 23 21 23 4 25 24 24 15 14 20 16
0 11 0 23 11 10 23 21 23 5 25 24 24 15 14 20 16
0 8 9 0 11 7 23 21 23 2 25 24 24 15 14 20 16
0 25 25 24 0 25 15 16 16 25 0 11 12 23 23 18 21
0 11 12 23 0 0 23 23 23 11 26 25 24 18 16 23 20
0 23 23 21 23 23 0 10 15 23 15 12 12 14 15 11 12
0 24 24 24 25 24 14 0 14 24 18 19 13 21 23 16 20
0 23 23 23 23 23 15 10 0 23 15 12 12 14 15 11 12
0 8 9 20 11 7 23 21 23 0 25 24 24 15 14 20 16
0 24 24 24 25 24 14 15 14 24 0 15 11 21 23 16 20
0 25 25 24 26 25 15 16 16 25 0 0 12 23 23 18 21
0 24 24 24 25 24 15 14 17 24 11 0 0 20 21 15 18
0 15 15 23 18 15 15 12 17 15 23 20 18 0 10 12 10
0 15 15 23 18 15 15 12 17 15 23 20 18 10 0 12 10
0 20 20 21 23 20 13 10 15 20 18 15 14 12 12 0 11
0 15 15 23 18 15 15 12 17 15 23 20 18 10 10 12 0
