3314
34
0 600 74
133 733 64
316 916 44
565 1165 42
731 1331 46
804 1404 56
1107 1707 43
1191 1791 52
1310 1910 54
1376 1976 67
1405 2005 50
1391 1991 53
1512 2112 51
1629 2229 50
1713 2313 53
1799 2399 53
1884 2484 50
1498 2098 51
2039 2639 50
2119 2719 51
2081 2681 63
2162 2762 42
2239 2839 51
2337 2937 50
2469 3069 50
2549 3149 65
2629 3229 57
2323 2923 51
2092 2881 63
2730 3330 62
2944 3544 55
3100 3700 53
3123 3723 46
3257 3857 57
0 0 0 0 0 0 0 0 0 0 0 0 0 0 0 0 0 0 0 0 0 0 0 0 0 0 0 0 0 0 0 0 0 0 0
0 0 29 25 24 28 24 29 29 29 19 29 18 29 29 29 29 29 10 29 19 19 29 23 29 29 29 29 11 19 29 11 29 28 23
0 28 0 24 23 27 23 28 28 28 19 28 15 28 28 28 28 28 12 28 19 19 28 20 28 28 28 28 4 19 28 0 28 27 23
0 23 23 0 10 21 10 23 23 23 25 23 14 23 23 23 23 23 24 23 18 21 23 11 23 23 23 23 23 20 23 23 23 21 12
0 23 23 12 0 21 10 23 23 23 25 23 14 23 23 23 23 23 24 23 18 21 23 11 23 23 23 23 23 20 23 23 23 21 12
0 0 0 16 21 0 21 0 0 0 31 0 24 0 0 0 0 0 30 0 26 27 0 23 0 0 0 0 28 27 0 28 0 10 23
0 10 10 15 20 0 0 10 10 10 31 10 24 10 10 10 10 10 29 10 25 27 10 23 10 10 10 10 27 26 10 27 10 0 21
0 16 16 2 12 15 12 0 16 16 27 16 20 16 16 16 16 16 25 16 23 24 16 15 16 16 16 16 24 23 16 24 16 15 12
0 24 24 20 15 24 15 24 0 24 23 24 2 24 24 24 24 24 20 24 12 14 24 12 24 24 24 24 15 12 24 15 24 24 14
0 18 18 16 21 19 21 18 18 0 31 18 24 18 18 18 18 18 30 18 26 27 18 23 18 18 18 18 28 27 18 28 18 19 23
0 0 0 16 21 10 21 0 0 0 0 0 24 0 0 0 0 0 30 0 26 27 0 23 0 0 0 0 28 27 0 28 0 10 23
0 24 24 20 15 24 15 24 24 24 23 0 1 24 24 24 24 24 20 24 12 14 24 12 24 24 24 24 15 12 24 15 24 24 14
0 15 15 10 12 14 12 15 15 15 28 15 0 15 15 15 15 15 26 15 23 24 15 16 15 15 15 15 24 24 15 24 15 14 14
0 25 25 21 16 24 16 25 25 25 23 25 10 0 25 25 25 25 18 25 11 12 25 12 25 25 25 25 14 12 25 14 25 24 15
0 24 24 20 15 24 15 24 24 24 23 24 3 24 0 24 24 24 20 24 12 14 24 12 24 24 24 24 15 12 24 15 24 24 14
0 18 18 11 14 19 14 18 18 18 28 18 23 18 18 0 18 18 27 18 24 24 18 18 18 18 18 18 25 24 18 25 18 19 15
0 18 18 10 12 19 12 18 18 18 28 18 21 18 18 18 0 18 26 18 23 24 18 16 18 18 18 18 24 24 18 24 18 19 14
0 24 24 20 15 24 15 24 24 24 23 24 5 24 24 24 24 0 20 24 15 15 24 12 24 24 24 24 15 15 24 15 24 24 14
0 31 31 27 25 31 25 31 31 31 0 31 23 31 31 31 31 31 0 31 20 16 31 24 31 31 31 31 15 18 31 19 31 31 25
0 24 24 20 15 24 15 24 24 24 23 24 8 24 24 24 24 24 20 0 17 17 24 12 24 24 24 24 15 17 24 15 24 24 14
0 30 30 25 24 29 24 30 30 30 15 30 20 30 30 30 30 30 0 30 0 15 30 23 30 30 30 30 12 15 30 12 30 29 24
0 0 0 16 21 10 21 0 0 0 31 0 24 0 0 0 0 0 30 0 26 0 0 23 0 0 0 0 28 27 0 28 0 10 23
0 16 16 3 12 15 12 16 16 16 27 16 20 16 16 16 16 16 25 16 23 24 0 15 16 16 16 16 24 23 16 24 16 15 12
0 26 26 23 20 25 20 26 26 26 20 26 12 26 26 26 26 26 15 26 0 11 26 0 26 26 26 26 15 10 26 19 26 25 18
0 24 24 20 15 24 15 24 24 24 23 24 10 24 24 24 24 24 20 24 19 19 24 12 0 24 24 24 15 19 24 15 24 24 14
0 24 24 20 15 24 15 24 24 24 23 24 9 24 24 24 24 24 20 24 18 18 24 12 24 0 24 24 15 18 24 15 24 24 14
0 30 30 25 24 29 24 30 30 30 12 30 20 30 30 30 30 30 4 30 15 12 30 23 30 30 0 30 12 14 30 12 30 29 24
0 31 31 26 24 30 24 31 31 31 11 31 21 31 31 31 31 31 15 31 16 14 31 23 31 31 31 0 15 15 31 19 31 30 24
0 27 27 24 23 27 23 27 27 27 16 27 14 27 27 27 27 27 15 27 11 0 27 18 27 27 27 27 0 10 27 19 27 27 21
0 0 0 16 21 10 21 0 0 0 31 0 24 0 0 0 0 0 30 0 26 27 0 23 0 0 0 0 28 0 0 28 0 10 23
0 27 27 23 21 26 21 27 27 27 18 27 12 27 27 27 27 27 14 27 10 10 27 16 27 27 27 27 11 6 0 13 27 26 20
0 27 27 23 21 26 21 27 27 27 18 27 12 27 27 27 27 27 15 27 10 10 27 16 27 27 27 27 15 0 27 0 27 26 20
0 18 18 10 12 19 12 18 18 18 27 18 20 18 18 18 18 18 25 18 23 24 18 15 18 18 18 18 24 23 18 24 0 19 12
0 0 0 16 21 10 21 0 0 0 31 0 24 0 0 0 0 0 30 0 26 27 0 23 0 0 0 0 28 27 0 28 0 0 23
0 10 10 15 20 0 20 10 10 10 31 10 24 10 10 10 10 10 29 10 25 27 10 23 10 10 10 10 27 26 10 27 10 0 0
