4516
19
0 6 3415
337 3450 47
65 3517 38
3359 6359 36
1988 4988 63
3347 6347 62
3444 6444 51
976 3976 47
3769 6769 52
2314 5314 50
115 4056 42
682 4118 41
2528 5528 60
3769 6769 59
3893 6893 59
899 4377 67
1419 4468 51
4235 7235 50
2649 5649 56
0 0 0 0 0 0 0 0 0 0 0 0 0 0 0 0 0 0 0 0
0 0 23 12 12 11 18 23 20 15 18 10 14 12 23 12 20 21 20 20
0 20 0 14 14 15 24 12 10 20 24 16 23 23 12 23 10 25 25 25
0 12 18 0 4 10 23 18 15 13 23 11 18 16 18 15 15 23 23 23
0 12 18 6 0 10 23 18 15 13 23 11 18 16 18 15 15 23 23 23
0 25 33 27 27 0 21 33 31 25 21 26 23 24 33 24 31 18 20 20
0 23 0 18 18 20 0 0 11 23 26 21 24 24 0 24 11 27 27 27
0 14 16 10 10 11 23 0 14 15 23 12 20 18 16 16 14 24 23 23
0 23 0 18 18 20 26 0 0 23 26 21 24 24 0 24 11 27 27 27
0 16 26 23 23 21 0 26 25 0 10 20 12 12 26 14 25 11 10 10
0 10 23 12 12 11 18 23 20 15 0 10 14 12 23 12 20 21 20 20
0 10 23 12 12 11 18 23 20 15 18 0 14 12 23 12 20 21 20 20
0 12 24 18 18 16 12 24 24 13 12 15 0 10 24 11 24 14 12 12
0 23 0 18 18 20 26 0 11 23 26 21 24 0 0 24 11 27 27 27
0 11 24 15 15 14 14 24 23 11 14 12 11 10 0 0 23 16 15 15
0 21 11 15 15 16 25 11 0 21 25 18 24 23 11 0 6 26 25 25
0 25 33 27 27 27 21 33 31 25 21 26 23 24 33 24 0 18 20 20
0 20 27 23 23 23 15 27 26 20 11 23 14 15 27 16 26 0 10 10
0 12 24 16 16 15 12 24 23 15 12 14 10 0 24 10 23 15 0 14
0 25 33 27 27 27 21 33 31 25 21 26 23 24 33 24 31 18 20 0
