2094
16
846 1146 91
145 1113 60
457 1179 46
1018 1255 340
1009 1601 68
1645 1945 53
1756 2056 59
1225 1866 52
1396 1924 67
734 1997 46
179 2065 42
0 2116 37
1595 2171 47
1936 2248 56
1991 2324 51
1926 2391 47
0 0 0 0 0 0 0 0 0 0 0 0 0 0 0 0 0
0 0 24 31 23 33 33 33 27 31 0 16 18 23 33 29 31
0 10 0 0 24 10 10 10 16 0 31 27 27 25 10 15 10
0 0 24 0 24 0 0 0 18 10 33 28 27 25 0 14 11
0 0 24 10 0 0 0 0 18 10 33 28 27 25 0 14 11
0 33 24 31 23 0 33 33 27 31 4 16 18 23 33 29 31
0 18 21 19 23 18 0 18 12 19 29 25 24 23 18 4 19
0 24 0 24 10 24 24 0 16 24 24 16 15 12 24 21 23
0 10 24 0 24 10 10 10 0 0 31 27 27 25 10 15 10
0 33 24 31 23 33 33 33 27 0 0 16 18 23 33 29 31
0 33 24 31 23 33 33 33 27 31 0 16 18 23 33 29 31
0 27 15 27 14 27 27 27 23 27 18 0 3 12 27 24 26
0 27 15 27 14 27 27 27 23 27 18 10 0 12 27 24 26
0 24 10 24 0 24 24 24 18 24 23 15 14 0 24 23 24
0 21 14 20 15 21 21 21 11 20 26 23 23 18 0 14 18
0 10 24 0 24 10 10 10 16 0 31 27 27 25 10 0 10
0 0 24 10 24 0 0 0 18 10 33 28 27 25 0 14 0
