12050
50
0 600 57
476 1076 41
1610 1636 68
2267 8734 67
4384 8840 49
6139 8905 67
7228 9005 63
7889 9094 56
8834 9434 47
9183 9783 59
1957 9331 40
2077 9392 35
2801 9441 42
2819 9500 44
2841 9573 45
9550 10150 60
2901 9717 52
2925 9786 62
3012 9870 55
3263 9945 49
4099 10023 34
4420 10087 47
4790 10163 42
5240 10221 42
5305 10281 38
5355 10336 42
5922 10398 41
6216 10469 47
6659 10549 51
7554 10617 50
10630 11230 59
7768 10778 60
8587 10870 62
8599 10956 36
8645 11014 46
8650 11077 62
10024 11171 47
10230 11248 37
11095 11695 67
11302 11902 65
11364 11964 41
2925 11552 47
11545 12145 53
11635 12235 52
4420 11767 46
6216 11842 59
11815 12415 59
7768 11997 50
12003 12603 47
8587 12152 52
0 0 0 0 0 0 0 0 0 0 0 0 0 0 0 0 0 0 0 0 0 0 0 0 0 0 0 0 0 0 0 0 0 0 0 0 0 0 0 0 0 0 0 0 0 0 0 0 0 0 0
0 0 9 20 18 18 15 10 23 18 18 12 20 20 20 13 18 21 23 10 15 20 15 12 12 6 11 18 15 23 23 21 16 23 4 16 15 15 18 27 12 20 20 18 10 14 15 18 23 15 13
0 7 0 20 18 18 15 10 23 18 18 12 20 20 20 13 18 21 23 10 15 20 15 12 12 6 11 18 15 23 23 21 16 23 4 16 15 15 18 27 12 20 20 18 10 14 15 18 23 15 13
0 18 18 0 24 24 24 16 12 24 24 14 10 10 11 21 24 21 12 20 21 10 24 14 12 18 15 9 24 14 12 13 10 12 18 24 24 24 5 23 23 10 10 7 20 23 11 24 12 24 13
0 27 27 23 0 33 31 27 20 33 33 25 23 23 23 28 33 23 21 28 28 23 31 25 25 27 26 23 31 18 21 23 24 21 27 31 31 31 23 10 29 23 23 23 28 31 24 33 20 31 25
0 16 16 24 4 0 10 18 26 14 14 21 24 24 24 14 14 24 25 15 14 24 15 21 23 16 20 24 15 27 25 25 24 25 16 15 10 15 24 31 12 24 24 24 15 11 23 14 26 15 23
0 27 27 23 31 33 0 27 20 33 33 25 23 23 23 28 33 23 21 28 28 23 31 25 25 27 26 23 31 18 21 23 24 21 27 31 31 31 23 10 29 23 23 23 28 31 24 33 20 31 25
0 27 27 23 31 33 31 0 20 33 33 25 23 23 23 28 33 23 21 28 28 23 31 25 25 27 26 23 31 18 21 23 24 21 27 31 31 31 23 10 29 23 23 23 28 31 24 33 20 31 25
0 27 27 23 31 33 31 27 0 33 33 25 23 23 23 28 33 23 21 28 28 23 31 25 25 27 26 23 31 18 21 23 24 21 27 31 31 31 23 10 29 23 23 23 28 31 24 33 20 31 25
0 14 14 24 13 12 10 15 25 0 12 18 24 24 24 12 12 23 24 12 12 24 10 18 20 14 16 23 10 25 24 24 23 24 14 11 10 10 23 30 11 24 24 23 12 0 23 12 25 10 20
0 16 16 11 24 24 23 15 14 24 0 12 11 11 11 20 24 10 15 18 20 11 23 12 12 16 14 10 23 15 12 12 15 15 16 24 23 23 10 23 21 11 11 10 18 23 10 24 14 23 12
0 12 12 15 21 23 20 11 20 23 23 0 15 15 15 15 23 23 18 12 17 15 20 10 10 12 10 14 20 21 18 16 12 18 12 21 20 20 14 25 15 15 15 14 12 18 12 23 20 20 15
0 20 20 9 24 25 24 18 12 25 25 15 0 8 9 23 25 20 11 21 23 2 24 15 14 20 16 10 24 12 11 12 11 11 20 24 24 24 10 23 23 6 7 10 21 24 12 25 12 24 14
0 20 20 11 24 25 24 18 12 25 25 15 5 0 11 23 25 21 11 21 23 4 24 15 14 20 16 10 24 12 11 13 11 11 20 24 24 24 10 23 23 7 8 10 21 24 12 25 12 24 14
0 20 20 12 24 25 24 18 12 25 25 15 6 11 0 23 25 23 11 21 23 5 24 15 14 20 16 10 24 12 11 15 11 11 20 24 24 24 10 23 23 9 10 10 21 24 12 25 12 24 15
0 11 11 23 18 15 12 12 24 15 15 14 23 23 23 0 15 21 23 10 15 23 12 14 15 11 12 21 12 24 23 23 20 23 11 14 12 12 21 28 10 23 23 21 10 12 18 15 24 12 15
0 20 20 2 24 25 24 18 12 25 25 15 3 1 2 23 0 12 11 21 23 4 24 15 14 20 16 10 24 12 11 10 11 11 20 24 24 24 10 23 23 1 0 10 21 24 12 25 12 24 14
0 20 20 9 24 25 24 18 12 25 25 15 3 8 9 23 25 0 11 21 23 2 24 15 14 20 16 10 24 12 11 12 11 11 20 24 24 24 10 23 23 6 7 10 21 24 12 25 12 24 14
0 18 18 25 18 0 11 20 27 0 0 23 25 25 25 15 0 24 0 16 16 25 11 23 23 18 21 24 11 27 26 25 24 26 18 10 11 11 24 31 14 25 25 24 16 12 24 0 27 11 23
0 16 16 24 0 18 13 18 26 18 18 21 24 24 24 14 18 24 25 0 14 24 19 21 23 16 20 24 19 27 25 25 24 25 16 19 13 19 24 31 12 24 24 24 15 13 23 18 26 19 23
0 11 11 23 19 15 12 12 24 15 15 14 23 23 23 15 15 23 23 10 0 23 12 14 15 11 12 21 12 24 23 23 20 23 11 14 12 12 21 28 10 23 23 21 10 12 18 15 24 12 15
0 20 20 9 24 25 24 18 12 25 25 15 3 8 9 23 25 20 11 21 23 0 24 15 14 20 16 10 24 12 11 12 11 11 20 24 24 24 10 23 23 6 7 10 21 24 12 25 12 24 14
0 18 18 25 18 0 11 20 27 0 0 23 25 25 25 15 0 24 26 16 16 25 0 23 23 18 21 24 11 27 26 25 24 26 18 10 11 11 24 31 14 25 25 24 16 12 24 0 27 11 23
0 12 12 15 21 23 20 11 20 23 23 8 15 15 15 15 23 23 18 12 17 15 20 0 10 12 10 14 20 21 18 16 12 18 12 21 20 20 14 25 15 15 15 14 12 18 12 23 20 20 15
0 12 12 15 21 23 20 11 20 23 23 8 15 15 15 15 23 23 18 12 17 15 20 10 0 12 10 14 20 21 18 16 12 18 12 21 20 20 14 25 15 15 15 14 12 18 12 23 20 20 15
0 7 9 20 18 18 15 10 23 18 18 12 20 20 20 13 18 21 23 10 15 20 15 12 12 0 11 18 15 23 23 21 16 23 4 16 15 15 18 27 12 20 20 18 10 14 15 18 23 15 13
0 12 12 15 21 23 20 11 20 23 23 8 15 15 15 15 23 23 18 12 17 15 20 10 10 12 0 14 20 21 18 16 12 18 12 21 20 20 14 25 15 15 15 14 12 18 12 23 20 20 15
0 18 18 11 24 24 24 16 12 24 24 14 10 10 11 21 24 21 12 20 21 10 24 14 12 18 15 0 24 14 12 13 10 12 18 24 24 24 5 23 23 10 10 7 20 23 11 24 12 24 13
0 18 18 25 18 0 11 20 27 0 0 23 25 25 25 15 0 24 26 16 16 25 11 23 23 18 21 24 0 27 26 25 24 26 18 10 11 11 24 31 14 25 25 24 16 12 24 0 27 11 23
0 23 23 12 27 27 26 23 10 27 27 21 12 12 12 24 27 14 15 24 24 12 26 21 20 23 23 14 26 0 11 12 15 15 23 27 26 26 14 16 24 12 12 14 24 25 16 27 10 26 20
0 12 12 15 21 23 20 11 20 23 23 8 15 15 15 15 23 23 18 12 17 15 20 10 10 12 10 14 20 21 0 16 12 18 12 21 20 20 14 25 15 15 15 14 12 18 12 23 20 20 15
0 27 27 23 31 33 31 27 20 33 33 25 23 23 23 28 33 23 21 28 28 23 31 25 25 27 26 23 31 18 21 0 24 21 27 31 31 31 23 10 29 23 23 23 28 31 24 33 20 31 25
0 18 18 25 18 0 11 20 27 0 0 23 25 25 25 15 0 24 26 16 16 25 11 23 23 18 21 24 11 27 26 25 0 26 18 10 11 11 24 31 14 25 25 24 16 12 24 0 27 11 23
0 18 18 25 18 0 11 20 27 0 0 23 25 25 25 15 0 24 26 16 16 25 11 23 23 18 21 24 11 27 26 25 24 0 18 10 11 11 24 31 14 25 25 24 16 12 24 0 27 11 23
0 7 9 20 18 18 15 10 23 18 18 12 20 20 20 13 18 21 23 10 15 20 15 12 12 6 11 18 15 23 23 21 16 23 0 16 15 15 18 27 12 20 20 18 10 14 15 18 23 15 13
0 18 18 25 18 0 11 20 27 0 0 23 25 25 25 15 0 24 26 16 16 25 11 23 23 18 21 24 11 27 26 25 24 26 18 0 11 11 24 31 14 25 25 24 16 12 24 0 27 11 23
0 23 23 12 27 27 26 23 10 27 27 21 12 12 12 24 27 23 11 24 24 12 26 21 20 23 23 14 26 0 11 15 15 11 23 27 0 26 14 16 24 12 12 14 24 25 16 27 10 26 20
0 18 18 25 18 0 11 20 27 0 0 23 25 25 25 15 0 24 26 16 16 25 11 23 23 18 21 24 11 27 26 25 24 26 18 10 11 0 24 31 14 25 25 24 16 12 24 0 27 11 23
0 18 18 11 24 24 24 16 12 24 24 14 10 10 11 21 24 21 12 20 21 10 24 14 12 18 15 9 24 14 12 13 10 12 18 24 24 24 0 23 23 10 10 7 20 23 11 24 12 24 13
0 18 18 25 18 0 11 20 27 0 0 23 25 25 25 15 0 24 26 16 16 25 11 23 23 18 21 24 11 27 26 25 24 26 18 10 11 11 24 0 14 25 25 24 16 12 24 0 27 11 23
0 27 27 23 31 33 31 27 20 33 33 25 23 23 23 28 33 23 21 28 28 23 31 25 25 27 26 23 31 18 21 23 24 21 27 31 31 31 23 10 0 23 23 23 28 31 24 33 20 31 25
0 20 20 12 24 25 24 18 12 25 25 15 6 11 12 23 25 23 11 21 23 5 24 15 14 20 16 10 24 12 11 15 11 11 20 24 24 24 10 23 23 0 10 10 21 24 12 25 12 24 15
0 23 23 12 25 26 25 21 10 26 26 18 11 11 12 23 26 23 0 23 23 11 25 18 16 23 20 12 25 11 10 15 12 0 23 25 25 25 12 20 24 11 0 12 23 24 14 26 10 25 16
0 11 11 23 18 15 12 12 24 15 15 14 23 23 23 13 15 21 23 10 15 23 12 14 15 11 12 21 12 24 23 23 20 23 11 14 12 12 21 28 10 23 23 0 10 12 18 15 24 12 15
0 15 15 12 23 24 23 14 15 24 24 12 12 12 12 18 24 23 14 16 18 12 23 12 11 15 12 11 23 16 14 15 10 14 15 23 23 23 11 24 20 12 12 11 0 23 10 24 15 23 15
0 15 15 24 19 11 6 16 25 11 11 20 24 24 24 15 11 24 25 14 17 24 0 20 21 15 18 24 0 26 25 24 23 25 15 10 6 0 24 31 12 24 24 24 14 0 23 11 25 0 21
0 15 15 24 19 11 6 16 25 11 11 20 24 24 24 15 11 24 25 14 17 24 0 20 21 15 18 24 0 26 25 24 23 25 15 10 6 0 24 31 12 24 24 24 14 10 0 11 25 0 21
0 16 16 11 24 24 23 15 14 24 24 12 12 11 11 20 24 10 19 19 20 14 23 12 14 16 14 10 23 19 12 12 19 19 16 24 23 23 12 23 21 11 11 10 18 23 10 0 14 23 12
0 16 16 12 24 24 23 15 14 24 24 12 11 11 12 20 24 23 12 18 20 11 23 12 12 16 14 10 23 15 12 15 0 12 16 24 23 23 10 23 21 11 11 10 18 23 10 24 0 23 15
0 18 18 25 18 0 11 20 27 0 0 23 25 25 25 15 0 24 26 16 16 25 11 23 23 18 21 24 11 27 26 25 24 26 18 10 11 11 24 31 14 25 25 24 16 12 24 0 27 0 23
0 23 23 12 25 26 25 21 10 26 26 18 11 11 12 23 26 23 0 23 23 11 25 18 16 23 20 12 25 11 10 15 12 0 23 25 25 25 12 20 24 11 11 12 23 24 14 26 10 25 0
