4296
17
0 6 3371
406 3383 49
1815 3438 42
1648 3498 46
3391 3991 62
3096 3696 63
1695 3705 43
1612 3766 42
1044 3824 42
3377 3977 48
1630 3942 43
3681 4281 52
1153 4073 43
2498 4132 43
2481 4191 37
1987 4253 60
3544 4334 64
0 0 0 0 0 0 0 0 0 0 0 0 0 0 0 0 0 0
0 0 0 14 10 0 27 18 21 23 23 20 24 25 25 24 23 28
0 12 0 0 12 14 24 12 14 16 16 12 20 23 23 23 19 25
0 12 14 0 12 14 24 12 14 16 16 12 20 23 23 23 18 25
0 20 0 14 0 0 27 18 21 23 23 20 24 25 25 24 23 28
0 23 27 24 27 0 0 23 23 20 20 23 16 12 12 14 19 11
0 20 0 14 10 0 0 18 21 23 23 20 24 25 25 24 23 28
0 12 15 10 14 15 24 0 12 15 15 12 18 23 23 21 19 25
0 11 23 15 21 23 21 12 0 10 10 11 12 15 15 14 18 23
0 11 23 15 21 23 21 12 10 0 10 11 12 15 15 14 19 23
0 0 20 12 18 20 23 10 10 12 0 6 14 18 18 16 19 24
0 11 23 15 21 23 21 12 10 10 10 0 12 15 15 14 19 23
0 23 27 24 27 27 0 23 23 20 20 23 0 12 12 14 19 11
0 18 25 23 24 25 12 20 16 14 14 18 12 0 10 10 18 15
0 18 25 23 24 25 12 20 16 14 14 18 12 12 0 10 19 15
0 16 24 23 24 24 14 18 15 12 12 16 11 12 11 0 19 16
0 27 33 29 31 33 18 27 26 25 25 27 24 23 23 23 0 15
0 18 10 12 0 10 27 16 20 23 23 18 23 24 24 24 23 0
