1262
19
0 300 93
62 362 41
243 543 53
333 633 52
513 813 59
701 1001 47
777 1077 60
1058 1358 50
1129 1429 49
1230 1530 60
1242 1542 49
1503 1803 61
1585 1885 55
1900 2200 38
2045 2345 49
2126 2426 57
2389 2689 67
2472 2772 61
2650 2950 44
0 0 0 0 0 0 0 0 0 0 0 0 0 0 0 0 0 0 0 0
0 0 23 23 28 33 31 23 33 33 24 33 23 25 25 33 21 10 25 33
0 23 0 10 21 25 24 10 25 25 12 25 10 19 15 25 11 23 19 25
0 10 23 0 10 15 12 23 15 15 18 15 23 18 14 15 23 28 18 15
0 20 12 11 0 24 23 12 24 24 6 24 12 19 12 24 14 24 19 24
0 21 11 10 18 0 23 13 24 24 13 24 19 12 12 24 12 23 12 24
0 14 25 24 16 0 0 25 0 0 24 0 25 23 23 0 26 31 23 0
0 12 24 24 14 11 0 0 11 11 23 11 24 20 20 11 25 31 20 11
0 15 15 14 12 23 20 16 0 23 12 23 16 11 0 23 18 25 11 23
0 15 15 14 12 23 20 16 23 0 12 23 16 9 2 23 18 25 9 23
0 29 23 23 28 33 31 23 33 33 0 33 23 25 25 33 21 10 25 33
0 16 14 12 14 23 21 15 23 23 11 0 15 14 10 23 16 24 14 23
0 14 25 24 16 0 11 25 0 0 24 0 0 23 23 0 26 31 23 0
0 23 10 11 23 25 24 6 25 25 12 25 0 0 16 25 10 21 19 25
0 15 15 14 12 23 20 16 23 23 12 23 16 18 0 23 18 25 18 23
0 12 24 24 15 14 15 25 14 14 23 14 25 21 21 0 25 31 21 14
0 29 23 23 28 33 31 23 33 33 24 33 23 25 25 33 0 10 25 33
0 14 25 24 16 0 11 25 0 0 24 0 25 23 23 0 26 0 23 0
0 28 23 23 27 31 31 21 31 31 24 31 21 25 25 31 20 0 0 31
0 10 23 21 11 16 17 23 16 16 18 16 23 14 14 16 23 28 14 0
