1356
19
0 600 74
65 665 64
186 786 45
273 873 66
342 942 49
628 1228 47
690 1290 49
964 1564 50
1063 1663 64
2267 2867 51
2336 2936 51
2296 2896 36
2434 3034 50
2509 3109 50
2818 3418 50
3223 3823 64
3303 3903 63
3316 3916 55
3363 3963 34
0 0 0 0 0 0 0 0 0 0 0 0 0 0 0 0 0 0 0 0
0 0 29 29 29 29 29 29 29 29 29 29 18 29 29 29 10 29 13 25
0 29 0 29 29 29 29 29 29 29 29 29 18 29 29 29 10 29 10 25
0 18 18 0 18 18 18 18 18 18 18 18 18 18 18 18 24 18 24 10
0 29 29 29 0 29 29 29 29 29 29 29 18 29 29 29 15 29 10 25
0 23 23 23 23 0 23 23 23 23 23 23 14 23 23 23 23 23 23 12
0 21 21 21 21 21 0 21 21 21 21 21 15 21 21 21 23 21 23 12
0 23 23 23 23 23 23 0 23 23 23 23 12 23 23 23 21 23 21 15
0 23 23 23 23 23 23 23 0 23 23 23 12 23 23 23 21 23 21 15
0 28 28 28 28 28 28 28 28 0 28 28 16 28 28 28 6 28 13 24
0 24 24 24 24 24 24 24 24 24 0 24 6 24 24 24 16 24 16 20
0 25 25 25 25 25 25 25 25 25 25 0 10 25 25 25 15 25 15 21
0 24 24 24 24 24 24 24 24 24 24 24 0 24 24 24 16 24 18 20
0 24 24 24 24 24 24 24 24 24 24 24 6 0 24 24 16 24 16 20
0 24 24 24 24 24 24 24 24 24 24 24 6 24 0 24 16 24 16 20
0 23 23 23 23 23 23 23 23 23 23 23 14 23 23 0 23 23 23 12
0 0 0 0 0 0 0 0 0 0 0 0 24 0 0 0 0 0 28 16
0 28 28 28 28 28 28 28 28 28 28 28 16 28 28 28 19 0 0 24
0 28 28 28 28 28 28 28 28 28 28 28 16 28 28 28 0 28 0 24
0 16 16 16 16 16 16 16 16 16 16 16 20 16 16 16 24 16 24 0
