4689
20
0 6 3471
157 3506 53
669 3576 65
3020 3670 55
2726 3742 43
2017 3803 48
2557 3867 38
3298 3922 52
344 3980 52
365 4048 46
2626 4111 47
3500 4164 53
4094 4694 56
3851 4451 59
4158 4758 60
2595 4460 48
801 4528 67
4032 4601 64
2774 4681 43
4508 5108 59
0 0 0 0 0 0 0 0 0 0 0 0 0 0 0 0 0 0 0 0 0
0 0 23 19 23 11 12 15 14 12 21 20 23 14 18 15 16 18 25 12 19
0 14 0 11 20 12 19 21 20 19 19 19 18 12 12 21 19 12 28 10 18
0 26 33 0 23 25 24 23 23 28 31 31 33 26 31 23 30 31 0 27 24
0 10 23 19 0 11 12 15 14 12 21 20 23 14 18 15 16 18 25 12 19
0 10 23 19 23 0 12 15 14 12 21 20 23 14 18 15 16 18 25 12 19
0 18 25 23 12 16 0 10 11 23 25 24 25 18 24 10 24 24 23 21 12
0 16 25 23 21 15 11 0 11 21 24 24 25 16 24 8 23 24 23 20 18
0 12 16 19 23 12 18 21 0 0 15 14 16 14 12 21 12 15 28 10 19
0 21 0 18 24 23 24 25 24 0 10 11 0 21 12 25 12 14 33 18 24
0 21 0 18 24 23 24 25 24 16 0 11 0 21 12 25 12 14 33 18 24
0 21 0 18 24 23 24 25 24 16 10 0 0 21 12 25 12 14 33 18 24
0 14 18 12 18 12 19 20 18 19 19 19 0 11 14 20 19 14 27 10 16
0 20 10 19 24 21 24 24 24 15 0 10 10 0 11 24 12 15 31 16 24
0 14 24 21 23 12 0 11 12 18 24 23 24 14 0 11 23 23 24 16 19
0 18 11 19 24 20 23 24 24 14 10 0 11 18 10 0 11 15 31 15 23
0 21 0 18 24 23 24 25 24 16 10 11 0 21 12 25 0 14 33 18 24
0 26 33 29 23 25 24 23 23 28 31 31 33 26 31 23 30 0 0 27 24
0 12 16 19 23 12 18 21 20 0 15 14 16 14 12 21 12 15 0 10 19
0 12 15 18 21 14 20 23 21 10 14 12 15 12 12 23 11 13 28 0 20
0 15 12 19 23 16 23 23 23 12 12 11 12 15 10 23 0 15 30 12 0
